6479
4014
2335
8795
1949
5586
5896
5556
3344
2333
2076
8177
6560
9716
1051
5886
2466
2835
2448
6238
6725
5395
6135
5980
7186
5114
5777
7188
5188
5503
2880
9543
5786
3459
4149
5354
4938
5842
8018
4652
2279
2820
8160
4533
7761
4746
9973
9251
1196
7081
8513
1406
5500
8071
6549
6520
4267
3444
3269
3135
1211
4017
1917
1772
8038
5461
8181
8453
7567
5257
3064
5725
9218
2626
9946
1870
7743
4774
5645
4260
3693
2940
4158
1853
2733
6341
3818
9193
3136
4826
1062
8745
4256
5047
3981
7298
4554
2725
2425
3709
9901
5637
3573
6548
8344
2259
2420
7396
9835
7580
7796
1118
9454
9991
4897
6752
9700
7933
4715
5394
4519
4185
2324
2742
2749
4397
1861
4169
5185
9806
5332
4221
2861
1828
5806
3258
3303
7803
5169
7465
9093
2226
7374
2467
5719
7149
4306
9429
3613
9538
8699
8991
3384
2898
1794
1720
2973
6481
9233
9350
4356
7511
2602
6505
1747
6950
9280
9275
1690
6073
7538
8744
5030
7416
8811
6118
7115
5575
7904
5450
1103
3608
6326
2986
7970
9770
2326
1652
2412
1877
1565
7358
6299
2118
1006
8757
5675
2075
1294
3688
4837
6397
9020
4935
6814
2757
8649
2461
2673
3724
3399
6041
5742
7827
5527
8152
8946
3678
5288
3279
7762
8953
7984
1662
6070
3514
7253
7192
2941
9688
8227
3715
5751
4052
8057
9405
1405
8214
2034
6154
6785
6133
8156
1336
6191
5999
4325
4436
5212
9985
8167
6035
5985
9119
5277
3871
5538
7921
9211
6394
9935
6402
8538
7395
5191
7470
1088
9865
6373
7338
6797
8022
5436
1106
4854
8145
3837
2250
9460
1413
3828
2795
5370
7836
8086
8689
4310
3241
2311
6778
7810
3860
2752
5283
3950
3256
8463
7245
6523
4047
5333
8983
1199
9752
6769
5043
6588
7144
7099
8680
5177
4510
6656
7710
3863
3497
9832
2398
9674
4115
7256
2238
1049
1012
9631
6880
2191
6710
5550
9609
9417
7280
6448
9684
8895
9989
9981
3730
1935
1342
8837
6664
9606
8784
8774
2112
3551
9503
2575
9250
9375
4916
6808
3813
4987
5378
5852
5292
5960
4920
4520
4521
6876
7577
1628
5302
7900
8398
3532
8654
8742
5290
6912
9803
4361
6428
2190
2047
5493
1212
4787
9366
4688
1223
3129
6755
5770
8964
4179
9215
9442
2723
8526
1068
8506
6446
5315
1765
2693
2992
5635
5891
8126
7441
4593
1389
2859
1127
4146
7791
5064
7437
4891
3119
5940
6894
4769
6507
6218
7063
9369
3451
1296
7026
1586
1440
6284
5936
5083
4206
3044
5117
2434
3747
1791
9459
8207
2562
3089
9725
9011
8635
4573
4627
1832
6033
7859
2163
8147
2722
5639
8521
2735
2257
7035
9730
7529
6213
5913
4536
1688
5318
9420
2020
1381
5489
5879
2572
8323
9568
3407
4461
5800
9158
8679
2377
3993
1153
7267
5636
5199
7957
3725
6780
3007
4041
2017
3341
6093
3582
7556
7316
9452
3755
3348
5428
9474
1172
9456
8945
3682
9118
3790
9036
2702
5016
5744
9436
2010
5967
6637
9759
3729
4201
1021
7527
5265
8619
6775
9815
4820
9109
8316
3431
1884
3164
1428
5941
4548
8090
4760
5790
6248
5365
3555
7142
7016
9654
9389
1291
7882
5457
7335
9352
5781
7308
3112
4858
3591
7285
6281
5921
6614
2834
8304
4075
9509
6407
7881
5780
9869
4558
7907
6833
9742
2189
5401
9743
8352
6273
5342
7462
7454
8124
4138
1724
9663
7456
2121
6038
3048
8908
2151
6064
3429
9594
3691
1592
6205
3336
9516
9221
1119
4840
7309
6913
8828
6898
2763
5081
5761
9291
4626
9740
4656
5850
3997
9038
5145
4957
5237
3556
7506
2699
2521
1045
5928
7633
2449
4109
4195
8288
5253
1584
3482
8849
6817
1771
1692
4778
9440
8568
1813
7216
2389
1500
8776
3587
1900
2460
3398
9371
1593
8512
6302
5474
6233
8839
2327
5059
5272
9202
8672
8452
8085
3805
8142
4564
8271
5220
9124
1224
6378
5010
6957
8720
1766
6485
8472
7923
1748
8972
5801
1259
9114
6879
2793
9489
3624
5932
9432
5454
2046
6857
9961
3959
4304
4508
7324
1273
5765
8346
4015
3602
8715
3961
3872
4445
1435
7234
4936
1189
1620
1213
8707
6249
1929
4387
9306
4254
3330
7425
3242
6471
8844
8522
8445
6382
4754
6375
4332
6721
8178
3644
4824
8927
3748
7547
2441
4896
4613
6993
5280
3802
3447
6942
7299
5014
4382
9969
1899
7508
5393
4491
3601
9127
2318
1796
9323
9043
5625
7767
6062
1439
8212
8078
8978
1811
5094
5282
3367
4894
9162
2128
3157
2462
9092
6472
1895
2878
2452
1305
5959
3636
5004
2650
3195
3452
3324
4050
7251
6293
8493
4021
9748
9386
3458
4000
7098
1398
1710
5701
5358
9821
3970
4193
7951
8298
1403
4184
2246
2860
1421
1229
7486
9721
2760
9028
4482
4035
9307
2721
3328
1893
8395
6303
9148
7426
3030
1276
4646
6488
3663
3466
2152
8970
9313
2073
1930
8912
6421
6287
8900
7459
3625
2822
6158
8761
2319
5097
4505
1577
7588
3647
8570
4094
1926
2390
1414
3363
8704
5233
1937
2854
1325
1067
3125
6178
9400
7156
5551
8730
9702
6579
2213
2678
9025
5230
2909
2827
4275
9216
6846
2077
7814
3700
8536
9142
9945
1400
4629
1201
3132
9487
5773
9056
9396
4140
2789
2344
6358
1767
6577
1034
3778
6740
6239
6689
3740
7659
6910
3911
7688
6403
1356
9811
9554
9473
6794
2055
4992
7999
2750
1102
8361
3127
5762
6076
1063
7990
4057
8655
1803
1097
1816
5798
2867
3104
2645
7914
5530
5357
3216
1482
9933
8508
6555
8475
3689
5523
3597
5366
2443
3885
9264
9842
5086
2538
9650
3853
5275
4245
1395
8614
8999
5019
1551
7876
3401
2853
8215
2803
9229
3409
7701
7240
8108
6410
2476
6022
4376
7510
7861
1634
7886
5621
1031
6212
8049
2581
3107
4407
9970
7235
7564
5475
7497
3842
5521
2120
8251
5705
9412
6333
7151
5965
3243
8378
9512
7826
1774
1116
3641
8270
7165
7610
6075
4284
4817
7844
5449
7500
4776
9227
6122
9838
7579
9061
8356
3436
2356
2008
7406
4910
1288
6756
9463
6464
1208
6408
7385
9867
2639
5001
7220
7420
4667
5858
9125
1968
7672
2457
7259
2821
7965
3121
5981
3791
7057
6168
4653
7432
3521
7726
7258
7613
7949
3321
5834
7501
2680
3191
3204
5035
5285
5293
4707
6524
2290
1663
6834
2505
5390
6631
1430
1504
7690
9195
4476
4359
3027
4614
9397
2814
6701
7596
4277
1691
3309
9062
6864
1228
3965
5270
6956
1451
3846
1994
7671
7822
7648
9774
5638
9921
4766
3565
2116
2435
4809
7228
4043
3060
9608
6155
8779
5462
1099
4033
9217
1042
2479
6832
5692
7532
6807
8618
4064
6686
4312
1611
3648
4291
1227
6343
2098
7074
9510
8403
2406
7782
5477
9441
2568
9189
4968
4324
3380
7323
5634
5380
7615
3480
4381
1927
4191
2849
9966
6014
7494
9885
7327
6300
6540
8622
6954
5000
5255
1704
3154
9878
9979
1987
3224
5560
8351
6795
6404
4980
9034
2101
8664
1274
4911
5232
4838
8518
4321
8228
2690
9329
8777
8479
7430
7314
5210
9706
2050
1571
6490
3474
9565
1563
4582
1113
2352
8217
1480
8012
9146
4066
1836
8291
9591
1132
3355
5447
2927
8031
4364
6802
5595
1316
7040
8731
5916
9826
9377
9819
4335
1762
9939
7753
2199
6975
2428
8766
7605
3657
6080
8366
8514
2277
7404
3621
2211
3686
7010
7734
2312
3905
1238
4810
4643
4443
1928
2706
4237
8216
8923
9472
5768
6581
7044
9237
8194
2491
9798
2109
7519
7440
7067
7238
4801
2321
2609
8429
3212
7370
6338
5909
8388
2862
4886
5048
3210
6474
6297
2045
5349
6386
8163
6719
6542
6991
8404
7941
8157
8621
1101
8243
6125
6989
3453
9004
5569
6347
4561
7867
6430
1550
3291
6506
1558
6517
1972
3187
3029
5241
2146
3308
6641
4371
9213
5795
3306
9583
3410
6180
9518
8345
6562
1216
9634
3575
2767
4316
2727
1321
9002
3918
4330
3402
1844
9462
6104
4176
5331
3916
8555
6702
8898
8138
6830
2263
8818
4036
3834
1894
8824
2548
9610
8560
2026
8424
7136
4226
7458
7133
4355
7738
2009
4326
3218
7862
3878
3326
9255
4542
9662
6860
4756
3835
6840
6473
8087
6625
9532
7305
1394
2490
8266
4873
4062
3543
8928
1299
2139
6660
8189
1166
3234
1982
5403
9370
8144
8491
7589
8191
7499
1849
9859
5975
3058
4997
4388
3854
2023
6907
6385
8879
3246
8462
1123
8185
6314
3745
7421
1206
6805
1352
1423
7816
6136
6818
2228
3633
2993
3371
8804
4428
8507
3487
1911
5480
4059
5196
1507
4615
9007
4793
6964
8020
2015
5955
4633
6163
3225
5867
9941
9330
8290
7897
6251
7272
3360
5548
5226
8829
5172
4882
3768
1287
5201
8206
5977
9903
2665
8845
1145
7912
8941
4271
4034
6308
4575
8624
1066
9657
5244
1932
9924
9860
3332
2537
2612
2258
2426
9549
9260
7785
4946
3420
1268
4712
1495
9778
2048
5927
6751
9254
9649
1790
2341
8698
4525
7378
7418
2919
1533
1826
4728
6932
8552
2746
6737
8628
2828
8848
8751
9964
9911
3779
3611
2032
7695
4530
8380
2051
9191
2325
3718
5628
6000
8694
4576
2500
3984
8904
5405
2422
9047
7890
8790
7562
7526
4731
6367
6234
9225
9755
2080
5408
4805
6228
7472
9228
5406
9435
9185
3588
3411
6552
7723
5080
5345
3742
5381
2465
5723
4399
3096
7584
1596
3221
6190
8608
3454
8054
5473
3883
1251
8547
6086
2444
9744
7766
8534
8598
8208
2483
5571
1697
6387
2881
8899
3924
9322
7032
8140
1037
5851
5947
9771
7250
6992
8400
4989
7289
9925
8204
5757
3375
9198
5022
3738
6015
3784
1055
1889
2955
9271
8603
8260
4074
1839
1925
8394
4233
3839
1958
8481
7915
5945
6470
3630
2239
8919
5591
8285
5127
9331
7865
2144
2701
7047
5197
8097
7052
2108
6337
2084
9712
8553
7917
3272
1330
6748
2965
3879
4216
7950
2438
7689
9121
6289
2001
2688
6850
2577
1509
1603
9312
1687
3357
7854
1700
8072
8074
6468
2556
8232
7807
6477
4108
1622
9995
2544
8037
6216
3639
4665
7412
6224
1977
1783
9818
1082
9295
6081
7858
8165
5655
3564
7635
9791
3513
6727
5938
9604
5224
8773
1872
6074
8500
8796
1497
7174
1266
7524
3510
2184
7628
4836
8294
6870
6017
6004
7627
4538
9465
2776
6681
6226
9988
5685
9511
6733
5961
6936
5953
7594
7754
3855
4302
7925
9655
3974
6502
1257
1220
6948
2651
4385
5319
4795
9321
2301
4516
8444
3999
6253
9316
2329
1177
9231
8520
4199
4574
2899
5698
2938
2475
1998
2787
3920
6172
8369
9126
2847
1013
9749
5387
5055
4902
4357
6632
9810
7286
5766
2708
6085
4971
7893
7953
3585
7712
9881
1801
9342
5809
7942
5822
9599
5986
1010
4181
6426
2634
9659
1841
2280
3761
2407
9168
5090
1680
1284
1654
3887
6184
4765
5343
2624
9133
1661
8133
9398
4758
1457
2022
7150
2446
9647
2829
1898
4567
9333
8106
8887
2692
1670
5323
4563
1412
1431
6374
3806
2217
1557
1311
9156
9839
9194
3752
4749
4553
9919
5073
3069
8662
8850
3085
3239
4868
2376
6908
2338
1466
5264
6996
1487
9044
9101
9320
7786
5686
4737
7608
6296
6804
1776
4492
4362
3244
9828
7227
1942
1703
2747
6106
6672
3754
3910
4993
2296
4835
4855
5911
5877
7540
5574
3674
7084
3785
1759
2882
4448
7812
7061
3345
2292
2561
4389
6020
5838
6169
9102
3949
8659
1644
8355
5013
1047
7283
2200
3509
7851
9907
1673
7065
3388
3437
4581
1465
2773
7994
3131
3862
6891
9348
9613
3280
4430
2468
7722
2374
1046
7825
3931
6272
2911
9720
7474
2006
4566
9319
2892
1417
2373
5803
5119
9274
8544
1444
6197
4931
4846
3416
8470
9713
9414
7207
8934
4341
2251
9851
4941
7792
6868
9105
7352
8146
3995
4058
9374
2910
1162
6467
6324
5128
9267
5433
4706
8719
3989
6935
6246
6531
2926
2852
3775
5647
2161
6095
3405
8921
9808
9765
6383
6735
7281
2219
3789
1924
4106
6329
4748
5814
7666
3053
7362
3821
9754
8646
1907
5673
6760
7226
6787
9277
9097
2031
5276
7390
8070
9952
2716
4803
2004
5182
9960
3683
3230
8918
3852
6263
1298
6762
5972
8728
3744
8944
1005
2510
8905
1007
9411
4285
8727
3844
5524
3349
7387
1743
1286
5404
1599
1390
1707
5605
1725
2381
1863
6054
9201
9833
9170
5784
9335
5714
9764
8764
1178
9795
3773
8110
5789
2404
1589
1629
6317
9054
9571
9110
5788
8577
9000
8808
7661
8820
1693
3765
3026
7158
5865
3858
4569
2532
1711
5367
3197
7751
3118
8799
8349
5249
6739
6175
5643
9176
9923
7015
6500
7372
4777
1537
7632
7794
5312
7190
2584
3160
4309
7446
2578
9629
3072
1749
4160
9528
3334
9065
3741
6006
4450
5166
3113
9475
2543
6709
3780
8876
8068
9852
1974
6052
1245
6392
3200
7025
7805
5151
5690
6504
7334
9122
2815
2775
2130
7114
3031
3374
9154
8321
5298
3285
8648
5892
3108
4535
9580
9947
8036
5738
9408
9132
6597
9547
6262
6313
6854
2323
3464
7255
6607
7444
4823
9799
3423
9265
7368
2866
3300
6304
7583
1617
5964
4651
5846
8368
6179
2345
8627
8329
4147
3238
6025
8584
6460
8275
7330
7384
4457
9416
4449
1160
1567
2766
1698
4360
2281
3880
3707
4739
4694
4675
4079
4721
8150
5859
9822
4940
3830
5247
8826
1730
2249
1778
8158
6206
1436
2756
3498
2924
7263
7678
6023
3537
4973
4904
4246
5466
9679
2511
3156
1503
8582
5678
8641
6393
2053
9479
7230
1715
7531
4709
7905
9431
7619
2963
5120
6503
1242
5863
5718
3122
8571
5627
6098
3553
1866
5987
6026
4951
1871
5545
6011
3656
9883
4682
5787
1754
7736
9934
4481
5056
5956
5802
6980
4429
8221
5741
5792
4452
6561
1722
8192
6888
1543
8615
7558
8461
4269
2574
3099
5845
1727
6763
2956
8060
6082
2415
7696
3694
6476
7479
7366
7380
9399
2553
4175
9813
1275
3220
8733
4210
7985
1085
3024
4259
9930
8930
8868
4279
5377
8974
4151
2696
1351
4888
9977
1518
2527
2310
4166
3568
6027
8658
5680
6126
5084
1729
3184
4459
5329
2889
5819
1253
9506
6692
5068
5453
2322
1071
9962
8259
9163
5228
5431
6010
7520
6684
7559
2365
1173
4944
8224
5583
7201
3873
1624
9382
7832
6066
2788
3275
2714
6798
2518
2704
9139
5994
3235
1260
4899
1182
9968
5402
7757
5799
8091
8420
5024
9794
2998
3462
6188
6060
3921
8009
7208
1965
9624
6345
6097
3463
5935
5242
6269
6067
5633
5423
6642
1751
7392
3736
9433
9226
9922
1003
8219
7073
4340
3400
9507
8580
3646
6926
2997
4051
2380
7724
1534
3421
6673
2917
5564
5464
1809
8337
5490
2620
1714
2545
3680
7273
5756
2157
6429
8318
5753
1835
6413
9372
3558
9535
2719
8357
1024
9665
5236
1449
8180
4597
1820
4557
6906
7716
8408
9288
6236
3245
1988
7449
5093
3347
3149
1112
5033
1719
1607
2480
1469
5884
8417
8093
1239
1476
9364
7011
6447
2013
1041
1726
3322
3983
6624
1200
4527
8024
5157
2974
9597
9607
7019
5821
2710
6779
5426
4490
7342
7198
7268
5669
8076
5696
8335
6553
5162
6129
4603
4421
7171
5971
1579
7480
7328
6983
7887
3520
3445
5829
9980
8740
7565
4401
4560
7612
3020
7135
9514
4480
2566
2364
6729
9450
8383
8797
5832
7986
7971
6734
1921
3397
6380
7089
3327
1120
5516
1947
8464
8966
7927
2743
3086
3529
3963
9252
7877
5534
1992
9032
9437
7260
9590
2179
7976
1236
2347
9413
2944
6291
6084
2455
1180
8118
8245
5808
1293
3866
5291
2369
3203
4605
5164
2423
7898
3153
1837
3519
2996
1755
2843
8161
9887
7609
1582
3687
3928
5752
1484
6463
8977
5218
6941
8840
3404
3666
8438
2003
4163
2679
1462
5041
2712
2928
9896
8722
4393
6242
2813
8747
3471
2616
7389
7959
1105
3481
2482
1429
3717
2495
6307
4517
4172
1717
6124
8576
5841
2851
4408
9430
8650
1409
4486
9278
4713
8961
5116
5336
6875
1805
1289
9200
2841
3299
4876
7336
1625
2525
1358
3094
6252
3395
8382
7849
2579
1374
8812
3194
7875
9617
9996
9978
5570
9513
5580
4468
5165
8419
2744
3739
1283
3607
6146
4969
6201
4494
6612
1923
3604
5002
2599
8437
5205
8697
9403
1656
9905
6583
1873
5072
3140
7045
6535
2817
7502
6355
1100
9418
6811
7801
8043
9796
9052
8952
8027
1380
4785
5252
5944
8183
6295
8052
3083
3651
6900
4956
1867
4985
8240
9248
5888
2617
4318
3063
2165
4030
2485
9104
2212
5997
9117
3457
2074
2533
9326
9690
6790
4048
6771
1233
2096
2627
3033
6822
4337
4974
5054
5452
9055
8954
6053
7211
3115
2097
3670
8591
2991
2164
5695
8197
3102
9035
6943
8504
8173
1202
3643
4917
5697
1561
6722
7450
2930
3386
6667
1508
1442
3948
6533
1383
7552
6268
5299
3111
2526
7453
2618
4444
4893
7036
1525
1392
6165
1326
1093
9676
9805
9823
3286
3762
5629
1459
8638
6055
9098
2078
4526
3534
3823
2660
3141
1498
8597
6466
4117
7127
2320
8561
7128
9297
1848
6094
6065
6087
4415
9467
8924
4729
5616
6662
8798
5791
8064
7111
9614
4534
9247
7431
9178
3046
8700
8019
3162
4339
4881
4722
5250
7869
1244
3787
1576
3161
7774
2569
4489
1250
2668
1976
5008
9551
5472
6183
4222
7287
9077
9395
6930
8869
6058
8247
4019
7818
7388
9504
5051
3528
5339
5933
3101
6152
9786
7056
9175
1623
9737
5731
1109
6623
8996
6028
3772
9341
2486
7646
2454
6480
3372
5469
3415
5898
9858
8025
5039
2071
3229
8922
9652
2025
9781
3627
7204
5679
7973
5258
7185
9530
4386
9622
2182
6340
3659
9327
7094
6318
6556
8762
5217
6536
4503
6828
6924
6559
9485
5484
8813
9495
1186
2893
2987
4523
7765
2154
7294
1605
6918
8443
2295
7790
3859
6863
9635
3167
9263
6603
1931
1422
2641
7246
9290
2400
9256
1519
1648
5501
2314
1190
8021
1369
1520
9519
2143
3146
9392
6635
4735
7850
6599
2654
7937
4680
2736
8100
4215
4391
5754
3023
7386
3392
7231
7733
5716
9468
1343
6869
5234
2459
7090
6325
1892
3501
7002
4781
3637
9648
1955
6012
9451
8792
1261
6270
2513
9167
8375
1265
9311
3264
7443
4730
2517
3301
3809
4930
6508
3307
5828
3439
3006
5608
2451
6697
8278
8073
7995
7777
5374
6753
6453
8311
1608
5776
8860
8179
4466
9358
7181
5883
3595
3676
6379
4477
6754
7377
6037
6539
7393
6630
8896
6346
1883
4532
8609
8303
1843
3658
5031
9984
8480
7248
4442
5871
4939
2361
9492
9697
7662
3980
4943
4972
1218
8685
3511
5966
1139
3617
4700
6107
9131
2150
4934
9773
3522
8915
7064
4740
6484
5758
3552
5728
7742
8949
2061
7550
1594
8780
1222
7364
7685
5262
9692
1282
4409
8859
8867
4666
2203
4506
8280
8602
7382
9257
3087
8341
2028
7525
8030
4568
3383
7243
4645
8015
5835
4334
2339
1125
8314
3635
6449
7183
7359
2472
8768
5132
7408
8320
1660
1032
4350
8575
7618
3956
7146
5782
9999
4402
2456
4168
5181
9066
8884
7433
2363
8159
8599
8595
9283
7729
4673
2069
5150
7845
6982
6582
4544
1600
5691
3951
4623
1585
1461
1303
3982
5112
7943
3571
6598
9380
1437
9180
4028
6955
3750
1131
2159
8332
4600
4010
3166
5386
8870
5820
9241
4825
1130
7492
6659
1667
4484
1632
1129
4082
1485
1695
2131
8668
4105
9685
2391
6538
9587
8891
2689
5006
9353
4142
2831
2052
9151
2826
5420
4502
5603
4258
6254
3266
3652
1777
7934
3283
4241
6859
5362
1882
7417
5607
5724
4427
7451
3749
8190
3427
1295
1903
7469
4378
4024
7304
2711
5446
1104
1552
1248
1416
3042
6208
3376
9100
5032
9620
2110
7331
2976
3422
5906
3215
6791
3448
3731
2529
5663
4588
8478
5305
5711
9777
8509
9525
4384
2656
2187
4091
9192
2667
1621
8639
9993
7735
4422
8113
9368
3516
9159
9490
3170
5170
2245
4186
4016
4377
3940
9082
6461
1083
8692
5826
5184
7563
6661
5058
7625
3090
6884
9898
9379
4144
6764
2085
5159
2370
1530
2091
8274
4009
1753
5531
3428
7215
1347
9273
5284
7683
2433
5659
1192
3002
6339
1964
5063
4102
2065
1961
7399
8391
9421
7626
2662
7108
8119
1234
3508
4632
2358
7489
8695
9736
5602
1524
9683
4723
8284
6235
2330
8004
2731
5385
5729
7237
4658
5576
4691
3894
3095
5513
3728
9913
8984
1913
6454
3008
4392
3396
8640
1454
2516
9013
8882
4413
5243
3535
3310
3237
3467
6813
8554
1709
4187
1858
6567
8756
5479
3182
3093
1081
1478
5907
8381
7182
7718
7518
4631
9686
4207
9406
2994
1609
3017
4264
3314
3077
9024
2294
5494
8794
2383
1433
8044
6558
6319
9524
2764
8874
8791
4194
1505
8080
8250
9987
9449
3051
7708
9496
3293
4584
4088
5455
5168
7616
2233
6127
9401
8401
5547
7682
7445
2931
3574
8851
2102
9238
3650
5540
9570
8081
6144
7855
7131
3050
3580
5506
9149
6072
6359
1850
2884
6976
2134
2772
6363
6427
8416
2058
2833
9259
4995
4135
1631
7787
7568
7152
8588
2502
9642
7991
8322
3070
2846
6362
8347
7960
5733
1668
1833
8528
8911
1297
5504
2762
5271
4832
1474
7597
8315
2403
8362
2140
4496
2269
2057
8738
6643
2777
1910
4727
8261
2515
8188
9825
4875
4780
7928
4791
8489
3569
2244
9640
6143
1314
1188
4570
1637
9534
3769
4559
8920
9836
6698
8894
4365
7797
5075
1048
4446
4800
9944
4844
5179
2155
8833
9908
9520
8334
4975
6574
4343
4879
6973
9615
2534
4783
5957
2336
1758
2282
6532
3130
2864
3105
7896
8393
6277
9797
5831
3620
6280
9661
6676
3268
2419
3793
8103
7687
2309
2887
3144
7475
5578
4657
7663
3845
6048
7333
4205
4668
1713
1859
6743
8682
7617
6360
6521
7660
8587
7932
4925
6051
3201
2535
8265
2603
9667
6799
7880
6665
3342
4618
8910
8753
6111
9792
9186
7644
4081
9500
5310
2839
6240
3356
2315
4114
8184
9928
9917
6103
1716
6608
7262
3338
1069
9051
7293
1529
1237
1975
4827
6909
3546
5630
2393
8413
1445
2240
2769
7620
3814
8210
9235
1267
8283
8109
2659
9533
5889
6746
8917
9537
1141
3488
8406
1354
4294
3631
1830
4660
3897
7833
1302
8436
9446
9708
7042
2473
3945
3819
7902
8079
5651
4096
3567
5666
3057
4281
5465
2235
4488
4663
4077
7947
4753
3378
7727
6384
5044
9982
1915
1616
7636
2206
7979
8213
1721
8746
9843
3953
1425
8503
9289
4069
1197
8058
5552
6372
1407
5949
7394
1270
2411
5737
6512
1742
9365
3456
3228
1906
8786
3524
5371
3776
8008
2214
7307
7415
8439
7700
9058
7578
1655
4007
9802
3176
3295
8565
6422
4763
9636
6166
5209
7606
6115
8785
6283
3939
4164
7264
8229
2293
4345
3684
1636
2105
7317
1512
6657
5052
5328
3223
8931
1349
9425
4602
9965
1080
8449
5794
4161
4204
8474
9948
6061
3139
6806
5437
5510
4104
4182
4322
4498
6861
3168
3273
2536
7212
7759
7124
7938
8488
6181
1320
6078
1210
4552
2869
1890
4822
4440
6765
2600
1337
5745
5144
9293
5736
1786
2231
6279
6259
6486
9625
3719
8092
9876
2758
8878
1121
6401
1483
3331
7422
2283
9564
2470
6959
2286
5656
6366
8975
8358
3671
6658
5092
7478
2197
4937
4984
1610
3690
3628
2968
9584
8805
3469
3829
6742
1221
8558
2531
7054
9670
9318
6266
8897
2350
6514
9219
9974
1814
6120
1712
4363
6668
5674
1941
6718
5796
3599
7112
5855
3523
3477
9324
5239
1059
5140
8244
4913
9641
9262
1420
1846
2019
7906
5338
3499
6871
4133
2254
5522
4190
3622
6495
3271
4736
6687
2753
9682
2079
2541
4609
7347
8010
5115
1258
4472
3319
7918
6209
5070
5507
1800
9039
9059
9108
9710
6655
1702
6915
5411
5297
3904
7741
4697
8963
2937
2676
4852
1880
9915
8675
2313
2588
5368
6847
5998
3009
4866
8723
9129
9817
4189
4867
1962
1799
8258
2589
9664
6452
9955
5108
4677
4464
6819
6705
2876
1126
5017
5650
8200
3472
7363
1058
4745
8050
7381
3430
8594
5138
9355
6388
2951
3403
4248
7981
3504
7178
2220
2218
4425
5400
3211
9884
8992
2060
8816
2560
3179
3054
7773
7599
7650
9494
1842
8116
5254
4738
7894
3774
9152
5085
5317
2176
4101
9812
7823
4257
4889
5684
5372
9621
1057
8854
8958
2658
4577
4590
8236
1997
4531
1040
4296
7438
1155
8305
8376
8046
2870
9893
4907
2567
7657
8418
2936
2768
3679
9339
7116
1581
5861
8166
6469
8537
2647
4806
7077
8847
6417
7629
1033
4998
3260
1570
3851
3612
2278
9870
5419
7634
3815
7191
6816
5735
5824
1896
5038
4898
1271
1281
1087
3061
2675
7312
3746
5681
9582
5174
5872
9143
2933
9902
6177
3035
3233
6381
3696
7413
1838
1152
8199
1179
1897
7236
9480
3209
8810
8487
4962
3305
6677
5748
5470
9783
4638
3047
4555
1908
5213
8202
6772
6645
9844
5992
4225
9488
2995
9461
4460
3198
2671
4342
6442
8809
6230
2111
6640
2193
4020
2204
9589
2907
7879
5923
3572
6865
6371
3781
6611
1073
4539
7000
8596
1252
7017
5340
8856
5519
7784
5391
2504
6923
3590
3446
7872
4173
4607
6405
6443
3461
5392
5334
6988
5316
5111
4616
3977
5908
7123
9343
8154
6590
4224
2288
1171
7503
5706
6636
8861
9347
3798
6368
2605
6724
2298
6853
2275
8573
3919
9856
6925
3541
7369
8735
5418
7806
6970
8075
1140
2445
9153
3450
5106
7647
5269
9732
7169
3716
5925
1665
9536
9270
9373
5082
1501
4410
5712
4693
7086
9891
6776
3804
1043
3570
4141
2508
5644
9298
6563
3979
1249
9204
4550
8469
7068
7371
8772
4959
7356
3387
7673
7401
9205
7523
5709
1953
1164
2883
6842
3414
3893
3052
7103
1517
1536
2728
3958
7820
7493
7884
1986
4122
3547
8531
5746
8661
7528
6465
6425
4155
4005
9423
3957
4037
8957
2740
5614
6320
2780
6990
1677
3935
1971
2989
3034
8455
5661
4798
1203
6543
4541
9639
5098
2580
7353
7004
6889
3721
7029
7963
2386
3134
7168
3106
7665
8630
4463
5676
3545
9746
6128
9775
7397
2394
5091
8028
9314
3820
7749
9872
2635
7202
8313
8516
2059
4591
1806
5491
6554
5890
7834
3542
2663
1795
3976
4648
6796
4622
7217
2038
8425
7848
8988
8939
8871
4717
5324
4395
1852
4923
8440
6953
8532
8372
8989
1604
9820
3856
6192
8990
3881
8095
1026
1015
8220
6185
1279
1750
3922
8691
2608
7024
9415
9268
6416
7062
8302
3649
6899
7956
7916
1526
6176
6411
3190
6349
2142
6569
1207
2592
9691
8737
9091
8866
1323
3517
4922
3419
1960
5089
4949
5422
5854
9258
8741
7218
9115
6275
8831
1408
5161
4299
6148
4779
4634
7375
8486
8249
4348
2530
8693
1984
9294
1516
1154
4724
1183
1645
9850
7967
6334
3455
8460
4103
6736
3073
6759
3586
1391
5833
4013
6149
7295
8120
2648
5687
2799
6613
1741
4751
1402
4752
5492
8841
8530
5320
1731
4270
3500
4662
4865
3642
4139
6626
4690
4948
4095
1344
7903
2273
4841
9588
7365
5870
2276
5260
7719
6738
9675
5096
2718
8666
3043
4860
2225
2573
4725
9183
7318
1375
3262
3865
8129
2949
4928
2794
6162
8082
9090
6258
6619
4072
5103
8360
3315
5599
5543
6997
5658
1452
6119
5379
3171
7516
3379
3505
1029
5219
3955
1453
7800
7051
8310
8877
5866
8886
1184
3654
9672
3987
3276
9717
3936
5488
3917
6750
5263
3120
3824
6049
6609
6186
7222
2334
1736
5439
8769
1981
8708
1148
7340
5568
6940
8982
7831
4863
5707
5301
3287
8132
4018
4918
1490
1187
9354
5158
8465
2587
5126
8665
3180
6874
1165
6682
4996
6046
8377
3231
9155
5592
3352
7809
1752
8940
4642
5721
6112
8364
1327
8951
9234
4136
3369
7667
7652
3288
7692
2954
5487
9862
2066
4223
2886
5409
8148
5110
5660
9711
5050
3810
5364
6164
7013
1191
5899
3720
3737
1588
8101
2385
5954
2845
6353
4608
9527
5015
1475
2126
2850
1426
3764
3827
3206
3991
7852
4744
7197
8255
6723
3151
3536
5448
6459
5246
9707
8431
5173
4124
7715
5613
9428
4231
3712
6365
8566
7055
6843
6922
4711
7819
7477
6331
8454
3908
1300
7913
6487
9733
9409
3049
1797
6715
5026
4952
9356
8852
8980
6090
5109
5554
1683
9243
5991
5102
8752
1098
1053
3726
5703
5012
3393
5347
9531
5076
7132
3370
2943
1943
2858
2062
6482
4501
2523
4338
5245
3247
8005
7059
9481
6627
1384
2274
7196
4447
6761
3972
3188
3103
3076
3713
9074
5273
6886
5931
7383
6895
3706
4439
3435
8916
4885
1456
3799
5163
2629
9558
1991
2305
5478
4880
8131
6831
8094
2243
9384
4307
9505
9680
6616
4023
1626
3667
5812
2558
3733
4659
9048
8402
7261
7548
4372
4504
4288
9942
9177
1788
7699
5995
4890
1025
6174
4068
3914
8325
1606
1970
4768
3986
9123
9782
7534
6766
6496
5922
3359
3496
1382
1562
8948
1888
6250
9605
6039
7856
6351
1651
9394
7491
3831
6071
6529
4113
3124
8823
7658
9426
9169
7980
9703
1887
8569
2791
1230
1864
8771
3593
4240
5198
9053
7476
9457
7300
3362
3554
9943
9678
1448
5778
2036
9362
2808
5662
3638
8770
6344
2114
7180
7846
6576
7018
4692
9182
5222
3727
5183
7573
4829
1881
1746
2748
3192
1995
2417
2724
8605
2840
6848
6409
7936
4403
5617
5943
4431
9282
6600
1979
5413
7948
5007
3563
3032
3025
4232
8277
2488
1528
6141
3816
1446
2812
3838
6292
5146
6601
5137
3138
6204
7223
3889
6211
8182
5190
2469
9308
2177
8862
4830
8527
6969
8564
3616
1315
5311
2570
2192
8652
1147
9232
5887
8881
8370
3255
4606
9581
8938
8501
7752
4958
7460
5535
1144
9879
9886
1696
1612
3549
9272
8327
9627
2547
1761
3028
3870
3440
3527
9696
5702
2657
9261
7545
2967
7725
5708
5618
9173
5003
7088
7292
6712
1308
8235
2410
4669
8750
4054
3701
3261
4945
5924
9976
5816
8827
6013
8600
4509
1110
2247
6121
4726
3442
1640
3811
4874
6110
2266
5186
9026
7935
6767
3681
7163
3277
9076
7087
9598
1217
4025
2442
5463
3702
1920
6947
5581
4200
8350
8415
1798
9729
6862
8832
6639
7679
9855
7507
5023
6412
4933
4473
3506
9747
8331
4621
2591
9544
2977
2005
8354
1385
6043
8017
4641
4814
1954
6897
3186
8433
9695
9222
4856
3900
5600
1309
6214
7277
4710
1630
3490
2123
1387
2983
2590
1815
7130
6800
2559
3757
1094
3075
7482
5154
9739
5104
1319
5926
5268
3045
3550
8471
6856
5027
9646
1701
5805
6958
2664
3898
8289
4454
2632
1328
3912
7853
4369
8748
3673
1946
9040
1768
4647
9552
6650
6088
1278
6200
3109
6890
6606
3491
9573
6835
3968
6376
4755
4127
5351
5732
4253
7097
1460
2623
8863
6885
5783
3861
7199
6789
2207
7593
5101
7488
3091
1513
7536
2115
6902
7707
6845
7821
4915
2000
2316
4229
7745
9864
8484
3163
9301
8264
2088
8525
9548
3661
4197
1989
2349
7414
9727
8713
4214
6439
6199
7680
4209
4112
2644
4212
5565
2726
6801
6159
8703
5810
9801
2030
6475
5034
4080
4437
5221
6016
3022
9070
3088
9455
3173
9385
9809
3973
9847
3531
7760
4411
8234
6786
5248
4220
1802
9722
1615
7799
7066
6678
7587
8011
5206
5588
2672
8632
7781
2781
1559
7160
4039
3133
2958
1262
2303
9681
5631
4698
8422
9068
1016
9562
7756
3483
8225
8830
6526
4847
9150
5596
9245
6720
5167
9669
7795
6931
3795
9745
6434
1241
7931
7901
6091
1022
2371
9444
1807
9871
9391
7739
1618
7301
2961
3994
9949
3316
8667
2593
2582
4434
2042
6732
3351
9361
4354
1590
6878
6541
8801
1739
4414
1650
2492
8787
9269
7031
7551
3969
2935
5279
7409
8374
9545
2100
3432
8803
4518
8407
7998
4328
9244
1658
8175
9253
4331
8262
9012
9137
6545
3368
8843
7022
4070
6139
3475
2720
2477
6156
9950
7977
8446
3169
7008
9926
1159
4966
4379
7709
9888
5416
9756
7189
1553
2222
2099
9780
3886
7391
3589
5646
4295
3289
7920
1079
9630
1264
9212
2439
8450
4313
5772
6271
7604
6491
2436
5894
9653
5683
1535
8041
2355
2929
6431
2601
3669
9157
3826
6336
9359
9338
8040
7104
4843
1404
4950
7184
1471
4678
5942
1827
1290
2148
8885
2133
9103
4954
7641
6116
3662
5875
1353
1737
6615
3092
7455
4512
1018
9304
3503
8059
4344
1052
2166
9906
4107
3318
1168
1587
6617
2879
9458
2811
2011
7118
6290
4001
1149
5974
5348
4681
1764
8644
7139
1824
3001
7624
9464
3353
9438
3438
5261
5296
5652
7642
4955
2125
7769
3265
2395
2782
7997
4188
1681
2056
2081
5430
8209
5113
2925
5609
2595
6844
7405
8441
3783
7379
2914
7813
1789
9827
7225
3526
3926
5451
2901
1945
7275
2972
4703
6580
4358
7461
9478
7598
9266
6221
6227
7874
6815
1285
7187
2248
9099
3114
7224
5352
1333
5176
7325
5919
6138
3915
1000
6744
9470
4639
8256
7483
3703
2357
4170
8636
3756
7402
9761
2267
9491
7732
7361
2049
8781
6243
7603
1804
7972
4071
9001
9612
4580
4771
5813
2018
8933
2622
1757
2790
4596
7544
3840
2181
2331
9303
9677
4432
1738
3869
4625
4042
7864
9484
5388
5046
4198
5359
1350
7078
6849
1209
7137
4901
1787
7891
6867
4347
6695
7802
6522
2171
9957
4914
4211
3056
4862
5259
8993
7847
8962
6509
7789
2891
7485
4655
1541
2923
7049
8353
8971
4970
5514
1338
5193
5615
9539
7233
5231
8559
9021
7140
4305
1643
8778
8307
3441
4011
7403
1823
2691
4131
6951
2903
9285
1886
8055
6288
7266
3470
7778
9734
3478
8625
6134
9427
2549
6109
5067
6040
5508
3253
9005
9632
5914
9402
1335
3142
3704
7571
8736
9019
8365
6984
5356
9388
9340
5730
7427
8457
2291
5412
1573
5215
6596
8755
2378
9144
5853
7939
6117
4872
4044
1332
6032
9187
4815
4261
2571
2779
2730
8734
4906
5528
8709
5225
5726
7630
8842
7423
1914
1682
8363
1388
5769
2387
4167
9502
8711
8651
6741
5156
7176
2421
2107
8399
4276
8865
4964
5476
5160
1009
6679
1540
6773
3185
7101
7878
9715
2894
1948
4857
1411
1371
7776
7982
6838
3796
2304
7109
5582
8396
2738
9800
3202
2739
2106
1470
1060
3071
1555
1685
8947
9332
6024
1745
8678
7830
8986
1301
3473
4571
1255
3518
8583
3927
9080
3278
2027
3406
3857
8263
7572
7071
9699
5142
5677
9447
7546
3199
1822
2643
7039
9471
7899
2655
2183
8677
4067
4578
5818
7871
2135
1780
8056
2982
6244
8763
2119
6792
7143
6837
4368
5533
2351
9758
4547
3343
1936
7014
2957
4842
6357
1699
5078
9769
7457
6896
7748
7159
9466
4595
8122
7028
6824
7731
9738
6887
8499
4513
8392
5021
2697
9300
9904
5839
8702
6745
3557
6217
3183
9701
2271
5739
2196
7060
3598
1036
1176
4290
2855
5335
9875
9741
5322
4298
8042
5804
2873
8211
7319
8496
5749
2265
7203
9136
2682
9087
1056
6978
1763
3426
5360
8902
6342
5561
2802
6153
8127
9419
4585
4772
9214
1521
8681
7166
1334
9687
2542
3841
4483
5060
9309
7043
2636
1669
5498
3559
9840
4123
6768
4002
3874
1983
4055
6145
6310
3677
5214
4336
2896
5710
9575
9694
5459
5251
9084
5399
7175
8981
7975
7254
9986
2785
4022
9009
6182
9086
9857
4208
1481
3515
7592
4811
2487
9618
6782
8853
6315
5641
6123
1978
9305
9541
3468
2921
5668
8435
4171
4716
7713
5623
9085
9910
4090
2289
5100
8326
2915
6354
8545
9041
3296
9434
7050
2540
6309
8267
3317
6457
2474
6628
4078
2372
1001
6586
2399
7798
3584
7919
2360
5849
9763
8656
6916
4405
7582
1277
6396
7842
5361
1146
1137
6435
9854
9239
5482
5882
7271
7512
3512
6445
4375
1364
5848
8806
6369
8690
4927
4145
2095
5238
6537
5425
3668
9111
7155
3698
9448
5537
3284
4598
2942
2625
1718
9578
5929
5107
4994
3366
9849
2875
9172
7788
9292
5095
4278
6525
1775
4178
9046
6492
9078
7311
3618
2040
4412
5195
5382
6903
1399
2771
4929
9128
8287
9107
3952
8482
4699
4599
2818
3891
1396
9776
3084
1418
5567
1635
4991
4156
3903
1916
6059
8637
8002
9130
4720
2918
5720
6389
6965
7122
8549
5717
5124
4031
2198
8943
3282
5665
6575
8543
3822
1549
8483
5584
1467
7161
3274
6578
4367
3098
2186
8203
1909
6414
2083
8620
6406
7157
2865
3079
6008
2418
7681
3128
5330
5993
4327
3250
6872
4649
4063
8385
7195
8308
4714
3645
5460
7326
2804
8872
9276
8241
9181
8663
3003
3055
8517
9296
3068
5755
6666
7969
2070
2670
1181
4110
1679
9242
8959
4522
4462
9407
8542
5325
3358
6390
4120
2685
2686
3408
3413
5421
7170
7815
5688
2979
1360
6348
6489
2362
3540
5837
4426
1556
7219
4273
1547
1492
9841
2784
8617
9120
6511
7835
5990
1023
2392
4818
2969
3036
2232
9566
4289
2160
2838
4507
3205
5830
7424
7553
8102
5240
4743
3938
1591
5130
8523
6949
1845
7924
8338
1514
5952
1817
4796
3577
1744
5734
7837
6352
6005
2912
4487
4546
2783
4833
6962
8053
3123
1078
2427
6671
3147
9483
9179
2583
3337
1215
5434
1128
1940
4586
6788
5131
9550
5040
2117
3391
3884
9874
3626
6196
7120
8706
6029
2604
2737
1678
9138
7771
2934
1195
5700
2223
6826
6057
7515
5764
7554
6114
1359
4733
6528
1773
6587
8273
1061
8226
5632
7828
1649
8825
5526
4423
1694
5147
5740
4455
9916
3350
7581
2224
8893
2576
2980
8653
3143
5847
2984
7978
2463
2227
3714
7504
8000
4183
8476
7302
1857
1313
2497
7091
1256
4883
2195
5817
5143
2805
5622
7591
3304
8819
1705
1193
8913
2960
8936
9807
2037
2824
1602
8572
8252
5341
8246
8007
9848
8088
1840
3208
6069
5376
1169
7239
8743
7645
1527
3605
6974
2844
7070
1564
7763
5939
5750
2430
4297
2016
6229
3479
6132
9029
2897
2242
8490
1348
1502
1885
9286
9644
4301
1219
5274
7100
4180
5485
3722
7888
8888
5958
8125
8955
9938
4792
1441
3021
8473
2127
8231
8295
3394
7686
9890
6516
6499
8062
3943
9486
9994
3942
4650
9424
5860
7793
2132
2885
8153
4887
2429
3082
2703
6707
6873
4761
6018
9931
1064
2717
9704
4475
6321
3800
3634
9912
3562
8909
5937
2754
6620
8814
4905
3710
3065
4293
6260
4045
8494
6161
7693
6651
7276
5559
9018
2988
9033
9651
8034
9602
9873
2952
8013
8390
5373
6530
7213
7119
5982
2168
3014
7400
6694
6589
2759
9197
6210
9830
5811
2520
9804
5657
1854
7758
4612
9376
3232
1633
6621
2586
7721
2932
3960
2478
9477
2806
7291
6592
8834
9951
7085
4869
5087
7154
7164
7909
2661
9660
5598
6150
6034
6105
3708
5337
1734
7466
9057
8409
4732
5442
8937
5649
1856
7755
4870
8995
2734
8006
3389
3975
3967
8539
7083
3539
7892
4767
3390
9586
4619
5566
9404
2970
6972
4788
7714
6420
8676
6688
5344
1004
8985
6478
4046
2652
8238
8186
1027
6946
3039
4497
4383
2890
8328
2188
9166
1468
7329
2922
6693
4961
4086
2256
7232
3699
3743
6237
7471
4620
2129
6858
4635
6044
3181
4579
2175
6544
3172
9656
2642
2230
6045
1158
4148
8196
4687
7468
3990
3214
9611
8660
7435
6247
1825
9900
8901
5704
5445
6157
8729
7611
9616
5594
7643
9171
8574
9287
3692
9861
4784
3263
7974
6995
5903
1993
9556
8026
4500
2014
2687
2507
2908
1035
2180
7297
2906
7607
1133
7110
3888
7241
6130
9668
4594
9760
4093
8447
7706
1114
6968
9576
3015
2158
5693
9249
8373
9224
4441
4003
7249
8969
4038
7177
7344
2546
5573
8035
7290
9563
8222
6364
2007
4789
9453
8835
2585
7303
6960
4435
2801
9008
4118
4807
7030
2405
7006
3434
4098
5983
8279
1511
9816
6810
7126
4230
2039
8458
5905
3097
3843
8642
8047
8914
8925
8721
5672
8607
8907
2552
5546
4196
8546
6812
9246
6568
7411
4924
1361
9063
6294
9990
9929
7009
3934
1902
7484
7585
6350
3465
5481
3412
7242
4799
1070
5383
8168
3583
7911
2147
3038
3697
6518
7838
3895
8601
4808
3606
5346
1240
9577
4912
7341
4592
1499
2640
8593
8421
6646
5153
7113
5396
3267
1074
5327
3012
4705
2299
6985
2877
8029
4111
8687
1831
3732
7764
7711
3175
7012
3988
8846
2732
5984
9147
9557
8254
8807
6089
9360
6781
9337
8003
1891
6928
3735
4708
4604
9508
3081
9814
9954
8137
7436
9553
2971
4311
9113
3660
1732
1317
2366
6225
9963
9135
1091
6670
4076
6285
5876
6708
1304
1847
8581
7622
5020
8032
5202
6570
3817
4243
1598
2174
7001
2346
6911
3675
6638
8497
3486
5774
8195
2999
9344
8616
8107
9517
8299
5171
6877
2902
7944
8626
6497
7576
9367
9560
5901
7313
5930
6914
4053
2221
1851
2816
6173
8130
3944
5779
3803
7968
2594
3005
9088
5079
9643
8340
3312
6256
3929
3734
6618
6494
1510
1008
2035
8428
4848
5155
7964
1014
2260
5363
3797
9846
7138
2253
4465
8606
6629
8611
9831
2215
4816
6100
5612
2496
3946
3907
9383
1876
9593
8348
8309
6335
1934
9410
2565
8077
8688
6747
6021
1231
6356
2086
2210
2471
1560
4932
6971
1544
2792
6823
6920
7080
8312
8296
1819
1973
2287
1956
9164
9772
4802
9894
1072
5619
7993
3165
2409
4419
5483
4242
2205
3502
7172
5136
4308
8726
5868
8069
5129
4637
6101
9095
6232
2550
5536
6282
8749
1572
5885
5715
7505
4495
7490
7092
9633
2751
1269
4790
1818
4323
3632
8063
7779
8061
1821
7656
6003
8976
3251
4921
7179
4695
5912
2384
8389
8645
8230
6699
2868
7640
1345
8950
5917
1756
2786
5601
8604
6050
5671
5902
5194
3217
1546
3449
8510
3485
9719
9498
7105
5542
3933
4565
2514
2848
1784
5857
5771
3158
4672
6945
3110
1386
9236
3954
4317
1167
6001
4373
3333
8673
3770
8434
4624
2489
4203
5664
2707
2137
7586
1493
8540
2554
4406
3270
4092
7075
8623
3847
7560
9880
7434
4877
2598
7895
3655
5610
2432
1641
4742
3476
4125
8282
8524
6573
6904
9992
2343
8281
2306
1642
1647
6056
1672
3560
4097
6265
6189
6444
8906
7621
1401
8855
7883
2094
7817
4056
1486
6591
1450
5807
7265
6696
6274
3189
8336
2337
5057
5670
5025
5300
7602
7698
4664
1373
1306
6255
5760
5562
9351
3346
2367
5429
4370
2832
3240
3159
2172
8001
2379
2630
3594
5587
5856
9899
3074
5934
9726
5874
1161
4100
1397
9567
8384
6099
6963
6809
9072
5767
7684
5099
1706
1011
3685
5713
4610
5303
8098
7555
7487
2913
4213
5028
4908
9017
3377
8935
4404
8485
6652
2453
1869
8717
8084
4485
1477
7549
3382
5590
6007
7354
4831
9574
5963
9863
7996
6424
8039
2888
7517
9705
2402
4249
4008
6675
3354
1340
9837
4252
2054
5077
1086
6841
8292
4451
5682
7498
2606
1489
9015
2089
3566
5123
6068
1346
3116
9089
3489
4978
6717
9529
9357
6450
4786
8973
7649
1232
9882
6883
7857
2064
8567
8864
7829
1310
2705
1531
9785
8929
7574
9071
2684
4390
4159
8300
4764
4661
8589
7674
4087
5499
1214
3902
1272
1782
8633
7020
8968
1675
3992
1488
2272
2653
1225
7058
5785
4859
4589
6519
8151
9735
8800
6377
2830
6151
1568
3867
9937
2284
6501
5864
9824
2677
3771
1122
7495
3004
5295
4514
1597
8956
7929
1770
6704
5187
1506
6079
5988
7595
6432
3782
2092
4529
1515
3825
2872
1613
4353
4394
3877
1438
5962
7339
9334
3788
8686
8858
4812
1933
2264
6604
4545
2167
2985
5424
6493
8141
7481
5286
6220
8926
1151
5893
4551
2201
6311
3062
9623
1769
4982
2414
6703
9920
3723
8468
1143
9637
9600
5563
7866
3145
1723
6966
7269
5443
2807
4794
1357
9016
8684
6483
9469
8477
9174
1378
9698
2173
2458
6821
5294
6009
2947
3890
1812
7419
1865
7811
6328
5369
5825
7873
3786
2528
4026
7768
4813
6322
7376
1792
1781
8286
9439
6305
1595
4556
4871
1496
8411
1174
7780
4218
7575
7860
5204
7106
4864
3011
3323
4228
1999
2637
3425
5529
6019
8193
5555
2136
5699
7048
7839
8696
6231
7147
5313
5281
7373
2975
6852
6566
4126
3254
2948
5989
2368
1092
8099
5727
5223
4153
2895
2450
6332
5235
4671
6550
8223
4247
5518
3302
5844
2464
4150
8965
7027
5979
1980
3561
4953
6113
1243
1996
9953
2307
3259
4965
1020
1539
5468
7992
9363
2388
8174
7452
5624
9116
2741
3364
5626
7194
8268
9049
5353
9083
6036
2797
9031
4773
7509
5256
6939
8170
8710
7637
7639
4272
4458
4601
8123
5042
5878
1204
6193
4828
9834
9983
6083
1142
2082
5444
8164
8367
9302
4262
5553
1376
9336
4366
4674
4685
8423
8683
4227
2348
3507
4420
3664
1054
1728
4762
1542
4268
8171
9731
6905
2939
8397
6031
5397
9064
3609
8169
6919
2945
8297
6361
8579
1107
6770
4177
7514
7744
7429
9569
2044
2765
2124
5441
4236
8466
2619
1952
6207
2234
4960
5427
5203
5135
5069
1226
7557
1676
7804
1666
9145
5278
3236
2141
4099
2519
3294
1002
6571
7654
7034
9387
7843
6777
8782
2857
6585
1664
6901
8121
7623
3311
9766
5118
7513
1341
5189
9134
9753
7023
2962
6323
6565
3484
5304
1355
2185
5969
6917
2551
4670
3832
4217
7145
6415
6644
4851
8339
5579
1372
9936
8550
8535
5996
7885
2145
2539
5549
8467
9037
3080
9927
3751
6829
4374
9958
9790
1638
3000
4718
3996
5307
6276
5694
2241
5486
9829
6605
1939
9112
1862
8198
4165
5216
6261
4741
8162
3672
1967
4990
9542
4999
7410
7082
7320
4467
2498
4892
4130
2694
9526
3925
3971
4084
7102
5620
9750
1779
8932
2354
5948
4572
4061
8451
5897
5589
7542
7398
3966
7210
9160
5200
8505
3137
5515
7676
3600
6893
6423
1684
4265
2103
1538
6187
6944
5597
2262
1523
7279
8979
7129
5976
1574
7107
9595
1076
6438
5915
7321
1494
8519
8319
4132
7668
9140
3227
8502
3794
1950
3365
5743
3758
4157
8065
6892
1254
9714
7033
2874
1657
9645
4947
8371
7252
5321
6203
1905
7310
9184
7908
3117
7522
3417
1136
5525
8237
5951
5018
1810
1427
2638
9788
4060
8253
9658
7728
2964
7439
8051
7566
9279
7209
1918
4085
9230
8515
9006
4266
9596
3836
8718
5375
9317
7141
2431
4027
8997
1963
9521
1671
5266
1331
2755
3150
4903
1432
9853
6881
8562
4143
3947
2856
7962
7521
1904
1619
4704
8276
5946
8716
8883
5122
1044
1292
3753
6716
7173
7214
6092
6547
9096
8629
8967
7079
4474
2413
8987
2683
6557
3530
8613
2669
2021
7121
5950
2501
7357
8293
9030
6967
4418
4853
7448
9094
5306
4314
5862
9381
8551
2695
9767
1969
9042
5389
7464
1708
6714
1473
7945
4611
2512
7355
7530
6979
7717
3037
8412
6298
7270
6952
4032
7539
6987
7841
4900
1463
2819
4219
7229
3548
7694
5011
3792
1601
1834
4424
6938
4845
6674
9628
1138
3226
8754
2966
7961
3533
1362
8414
4630
9793
2149
5604
5467
8669
4319
8586
6510
9718
8612
4909
7772
8201
8592
6063
6316
1366
6999
6649
1235
4981
7824
3041
6602
2178
9762
7322
5869
9787
3174
4251
1030
2842
2216
4250
9206
3148
2024
9220
5065
2506
9346
3665
8427
3361
4515
6167
1868
8134
8634
2615
3629
7037
4116
9932
4292
9972
7038
5648
1194
6700
3962
7889
7021
4797
2484
8578
4878
2255
5009
6827
7346
4821
8674
6711
7167
9075
3320
7473
5458
6593
1985
5904
8317
8135
4986
5061
5134
3207
3876
5192
9997
3281
2916
3875
7117
1339
8817
4065
1365
2359
9349
7349
5066
5053
1170
4701
8456
7655
9918
6713
5517
2424
5827
2900
2342
6929
3297
7631
1393
3040
6306
3193
8324
4926
6455
9022
9501
9866
8495
2202
9010
8789
9284
7770
3155
8892
2666
8096
1479
7653
3906
2440
5227
6634
1117
1455
2681
4524
4834
4192
2396
7407
5763
4719
2397
5497
3579
2437
2825
2628
6451
6077
6680
8248
1280
1246
8590
5509
5049
7537
5133
3801
3864
6749
9689
3998
7442
2002
4976
2090
6961
7274
8112
5121
2798
7247
4919
1124
2229
2761
4349
1089
1583
6933
6462
8765
4644
4089
2162
3433
8857
3249
4438
8301
4396
3812
6142
8739
6534
9208
9499
1028
7720
5062
9779
6441
1990
6783
7076
2401
9081
2611
8139
2194
6515
8233
8802
5881
3013
4351
3178
8430
7095
8257
9975
5287
1627
6171
7670
2261
8083
8405
4839
4238
9493
1370
1944
7069
8533
8643
1434
2033
7955
1522
2698
5585
1740
6685
2509
4287
8541
2237
8705
9956
1175
1901
2836
7096
6108
5440
7005
8379
3937
7206
9709
5071
7808
4804
4747
9393
5149
4676
2904
9585
9196
3381
2946
1879
1458
1646
6137
9845
9768
5410
2447
7910
2029
4255
5747
1912
8492
2823
2072
6131
2113
2340
8714
5415
9207
6757
9141
2871
9443
5544
3418
1614
2012
7543
3495
5512
5036
4282
5471
9561
2809
2596
5456
8875
6839
8838
4640
5314
5125
9023
7747
3335
3252
4850
7463
7570
2104
9603
7428
1760
6042
1318
3640
8822
8023
8873
4239
3019
6170
7162
2729
6257
3538
2631
7569
5005
8114
3126
5511
9638
2382
1491
5088
9060
2332
6327
3010
2169
6825
2920
8610
5836
4162
7447
1095
6527
3544
7697
5350
1038
6595
9555
1472
3059
2613
6202
9572
8793
7590
5520
7343
6264
4979
3930
7651
3581
6663
2493
1735
3596
1134
6998
3711
3913
5640
3219
8045
1379
8111
4400
2715
6927
6784
9546
9877
3923
3807
9299
1580
3424
9671
8815
7746
8172
5797
8890
8306
4274
4977
4819
3493
6195
4152
1156
6564
5384
7740
9751
8105
7296
4315
1415
1363
5873
7737
3018
1205
9209
2557
1875
1686
5973
8330
8903
8556
4734
2408
8387
3964
6245
3196
1575
9723
1150
2621
5541
8066
6731
9190
5900
3603
3340
9045
6458
2990
8647
6610
6436
6096
4263
2252
5211
1860
5843
6584
9592
6691
5414
5355
2317
1951
3290
6140
7750
4346
9345
3615
5207
6622
1157
8657
9724
4154
1368
3222
9497
1785
6726
5037
7003
7282
2607
9027
6981
7840
9522
4398
2796
8889
9914
2353
4895
1966
5654
3325
1922
9892
1532
4636
4849
7046
1957
6937
6194
7702
8136
2087
3941
5920
7351
3313
8821
8155
2745
7535
7315
2297
4352
2959
4456
7193
2209
8239
9050
6820
1075
5438
9476
4380
5139
7868
9203
2800
6456
8783
3066
1367
2555
5105
7675
4083
4988
6669
9940
1548
1263
8343
6498
4511
7284
4537
7870
5326
8089
4750
1569
5970
7093
4012
1959
1185
4884
1090
3443
4942
8701
4757
3257
7730
8631
4006
3932
8205
8998
8426
5572
7367
7306
7467
1322
2981
4562
7153
6047
1874
1578
6198
4679
4040
6102
5532
8187
8269
8960
5557
2138
8448
6222
6160
3848
7561
3329
1096
3492
9325
9106
8033
7954
3494
7053
1674
4983
7541
9897
2153
6683
6706
3695
7614
8758
4174
2646
2270
8529
1424
2774
4963
5558
6654
9540
4234
5759
4528
4004
8143
6418
2863
9210
4280
3373
8048
9328
6030
8128
4433
2156
6921
7221
4587
4471
9868
6594
3578
2633
2416
8732
5141
7952
2778
3868
8670
3100
7989
4202
3248
9673
6312
8432
5722
4702
1065
9728
9003
2268
9693
9073
7775
1084
7926
4329
6866
3760
8511
3460
8836
3078
4469
2300
5495
9067
6215
4549
6301
5895
1878
3892
3896
8994
2285
9482
3882
2375
4967
7007
3850
9315
7345
3985
5045
3592
1919
2674
7496
1115
5577
5029
5148
4303
7940
6546
6419
1019
3016
1855
8671
3763
7332
5180
4543
7705
6836
2041
2597
1443
6433
5398
7704
2610
7278
5978
5175
9619
2713
1111
7041
1163
3298
1554
3767
6395
4121
4244
4683
6330
8760
9390
8942
8342
7125
1135
5417
6851
4759
7288
4782
1039
5432
2328
1793
2649
1324
6400
5229
1447
5289
7863
2978
5689
6513
1247
2810
4073
6977
5208
8459
8563
7337
5910
6370
4775
3901
5178
7244
8016
3978
4049
5074
5823
6278
7200
7946
9223
8359
4286
5505
4137
4283
2308
3623
2522
7134
5880
7664
9240
6147
6633
9909
8410
3766
2236
9998
9079
6994
9161
6648
5309
4333
4470
4540
2564
3525
7987
9757
7257
5775
2068
7350
7669
2614
1653
1419
9559
1659
3653
1108
2524
8725
4417
3339
9967
4686
8712
7148
6399
6391
2837
1464
7638
6647
7922
6882
9959
9069
7983
1377
8759
6730
6934
4134
6803
8149
3833
1077
2499
9165
3759
3849
8386
5793
8585
3777
1639
4235
9666
4628
8548
5606
8775
5918
9789
4617
6774
6986
3610
2093
5840
5502
7601
4479
2122
1050
5152
7691
6440
7600
8333
6855
6002
6241
4029
9895
9310
6437
6219
7966
5642
3177
5539
9188
3705
4453
8117
7205
5815
2770
3385
7930
4696
2067
7533
9445
3614
1017
1410
7360
1312
8767
3808
9626
8788
4320
5653
5435
6758
8557
9281
8442
7703
1938
4300
6267
4499
2481
3619
2700
3292
7988
8104
6690
1307
6572
3909
3899
6398
1566
9579
9971
6551
7348
3152
4770
4128
7072
2709
4119
4478
5593
3067
2208
3213
2170
1198
5667
2905
9784
8498
8218
4861
4493
2063
1689
2043
7958
5407
6653
2950
6728
8272
1329
2503
4689
9523
3576
8724
7677
4416
1829
5496
4684
4129
8880
1545
4583
8014
9601
2494
7783
8115
6793
5267
9422
4654
2302
9889
6286
8242
1733
5968
5308
5611
2563
9199
8176
9014
9378
2953
1808
6223
8067
9515