6479,1
4014,2
2335,3
8795,4
1949,5
5586,6
5896,7
5556,8
3344,9
2333,10
2076,11
8177,12
6560,13
9716,14
1051,15
5886,16
2466,17
2835,18
2448,19
6238,20
6725,21
5395,22
6135,23
5980,24
7186,25
5114,26
5777,27
7188,28
5188,29
5503,30
2880,31
9543,32
5786,33
3459,34
4149,35
5354,36
4938,37
5842,38
8018,39
4652,40
2279,41
2820,42
8160,43
4533,44
7761,45
4746,46
9973,47
9251,48
1196,49
7081,50
8513,51
1406,52
5500,53
8071,54
6549,55
6520,56
4267,57
3444,58
3269,59
3135,60
1211,61
4017,62
1917,63
1772,64
8038,65
5461,66
8181,67
8453,68
7567,69
5257,70
3064,71
5725,72
9218,73
2626,74
9946,75
1870,76
7743,77
4774,78
5645,79
4260,80
3693,81
2940,82
4158,83
1853,84
2733,85
6341,86
3818,87
9193,88
3136,89
4826,90
1062,91
8745,92
4256,93
5047,94
3981,95
7298,96
4554,97
2725,98
2425,99
3709,100
9901,101
5637,102
3573,103
6548,104
8344,105
2259,106
2420,107
7396,108
9835,109
7580,110
7796,111
1118,112
9454,113
9991,114
4897,115
6752,116
9700,117
7933,118
4715,119
5394,120
4519,121
4185,122
2324,123
2742,124
2749,125
4397,126
1861,127
4169,128
5185,129
9806,130
5332,131
4221,132
2861,133
1828,134
5806,135
3258,136
3303,137
7803,138
5169,139
7465,140
9093,141
2226,142
7374,143
2467,144
5719,145
7149,146
4306,147
9429,148
3613,149
9538,150
8699,151
8991,152
3384,153
2898,154
1794,155
1720,156
2973,157
6481,158
9233,159
9350,160
4356,161
7511,162
2602,163
6505,164
1747,165
6950,166
9280,167
9275,168
1690,169
6073,170
7538,171
8744,172
5030,173
7416,174
8811,175
6118,176
7115,177
5575,178
7904,179
5450,180
1103,181
3608,182
6326,183
2986,184
7970,185
9770,186
2326,187
1652,188
2412,189
1877,190
1565,191
7358,192
6299,193
2118,194
1006,195
8757,196
5675,197
2075,198
1294,199
3688,200
4837,201
6397,202
9020,203
4935,204
6814,205
2757,206
8649,207
2461,208
2673,209
3724,210
3399,211
6041,212
5742,213
7827,214
5527,215
8152,216
8946,217
3678,218
5288,219
3279,220
7762,221
8953,222
7984,223
1662,224
6070,225
3514,226
7253,227
7192,228
2941,229
9688,230
8227,231
3715,232
5751,233
4052,234
8057,235
9405,236
1405,237
8214,238
2034,239
6154,240
6785,241
6133,242
8156,243
1336,244
6191,245
5999,246
4325,247
4436,248
5212,249
9985,250
8167,251
6035,252
5985,253
9119,254
5277,255
3871,256
5538,257
7921,258
9211,259
6394,260
9935,261
6402,262
8538,263
7395,264
5191,265
7470,266
1088,267
9865,268
6373,269
7338,270
6797,271
8022,272
5436,273
1106,274
4854,275
8145,276
3837,277
2250,278
9460,279
1413,280
3828,281
2795,282
5370,283
7836,284
8086,285
8689,286
4310,287
3241,288
2311,289
6778,290
7810,291
3860,292
2752,293
5283,294
3950,295
3256,296
8463,297
7245,298
6523,299
4047,300
5333,301
8983,302
1199,303
9752,304
6769,305
5043,306
6588,307
7144,308
7099,309
8680,310
5177,311
4510,312
6656,313
7710,314
3863,315
3497,316
9832,317
2398,318
9674,319
4115,320
7256,321
2238,322
1049,323
1012,324
9631,325
6880,326
2191,327
6710,328
5550,329
9609,330
9417,331
7280,332
6448,333
9684,334
8895,335
9989,336
9981,337
3730,338
1935,339
1342,340
8837,341
6664,342
9606,343
8784,344
8774,345
2112,346
3551,347
9503,348
2575,349
9250,350
9375,351
4916,352
6808,353
3813,354
4987,355
5378,356
5852,357
5292,358
5960,359
4920,360
4520,361
4521,362
6876,363
7577,364
1628,365
5302,366
7900,367
8398,368
3532,369
8654,370
8742,371
5290,372
6912,373
9803,374
4361,375
6428,376
2190,377
2047,378
5493,379
1212,380
4787,381
9366,382
4688,383
1223,384
3129,385
6755,386
5770,387
8964,388
4179,389
9215,390
9442,391
2723,392
8526,393
1068,394
8506,395
6446,396
5315,397
1765,398
2693,399
2992,400
5635,401
5891,402
8126,403
7441,404
4593,405
1389,406
2859,407
1127,408
4146,409
7791,410
5064,411
7437,412
4891,413
3119,414
5940,415
6894,416
4769,417
6507,418
6218,419
7063,420
9369,421
3451,422
1296,423
7026,424
1586,425
1440,426
6284,427
5936,428
5083,429
4206,430
3044,431
5117,432
2434,433
3747,434
1791,435
9459,436
8207,437
2562,438
3089,439
9725,440
9011,441
8635,442
4573,443
4627,444
1832,445
6033,446
7859,447
2163,448
8147,449
2722,450
5639,451
8521,452
2735,453
2257,454
7035,455
9730,456
7529,457
6213,458
5913,459
4536,460
1688,461
5318,462
9420,463
2020,464
1381,465
5489,466
5879,467
2572,468
8323,469
9568,470
3407,471
4461,472
5800,473
9158,474
8679,475
2377,476
3993,477
1153,478
7267,479
5636,480
5199,481
7957,482
3725,483
6780,484
3007,485
4041,486
2017,487
3341,488
6093,489
3582,490
7556,491
7316,492
9452,493
3755,494
3348,495
5428,496
9474,497
1172,498
9456,499
8945,500
3682,501
9118,502
3790,503
9036,504
2702,505
5016,506
5744,507
9436,508
2010,509
5967,510
6637,511
9759,512
3729,513
4201,514
1021,515
7527,516
5265,517
8619,518
6775,519
9815,520
4820,521
9109,522
8316,523
3431,524
1884,525
3164,526
1428,527
5941,528
4548,529
8090,530
4760,531
5790,532
6248,533
5365,534
3555,535
7142,536
7016,537
9654,538
9389,539
1291,540
7882,541
5457,542
7335,543
9352,544
5781,545
7308,546
3112,547
4858,548
3591,549
7285,550
6281,551
5921,552
6614,553
2834,554
8304,555
4075,556
9509,557
6407,558
7881,559
5780,560
9869,561
4558,562
7907,563
6833,564
9742,565
2189,566
5401,567
9743,568
8352,569
6273,570
5342,571
7462,572
7454,573
8124,574
4138,575
1724,576
9663,577
7456,578
2121,579
6038,580
3048,581
8908,582
2151,583
6064,584
3429,585
9594,586
3691,587
1592,588
6205,589
3336,590
9516,591
9221,592
1119,593
4840,594
7309,595
6913,596
8828,597
6898,598
2763,599
5081,600
5761,601
9291,602
4626,603
9740,604
4656,605
5850,606
3997,607
9038,608
5145,609
4957,610
5237,611
3556,612
7506,613
2699,614
2521,615
1045,616
5928,617
7633,618
2449,619
4109,620
4195,621
8288,622
5253,623
1584,624
3482,625
8849,626
6817,627
1771,628
1692,629
4778,630
9440,631
8568,632
1813,633
7216,634
2389,635
1500,636
8776,637
3587,638
1900,639
2460,640
3398,641
9371,642
1593,643
8512,644
6302,645
5474,646
6233,647
8839,648
2327,649
5059,650
5272,651
9202,652
8672,653
8452,654
8085,655
3805,656
8142,657
4564,658
8271,659
5220,660
9124,661
1224,662
6378,663
5010,664
6957,665
8720,666
1766,667
6485,668
8472,669
7923,670
1748,671
8972,672
5801,673
1259,674
9114,675
6879,676
2793,677
9489,678
3624,679
5932,680
9432,681
5454,682
2046,683
6857,684
9961,685
3959,686
4304,687
4508,688
7324,689
1273,690
5765,691
8346,692
4015,693
3602,694
8715,695
3961,696
3872,697
4445,698
1435,699
7234,700
4936,701
1189,702
1620,703
1213,704
8707,705
6249,706
1929,707
4387,708
9306,709
4254,710
3330,711
7425,712
3242,713
6471,714
8844,715
8522,716
8445,717
6382,718
4754,719
6375,720
4332,721
6721,722
8178,723
3644,724
4824,725
8927,726
3748,727
7547,728
2441,729
4896,730
4613,731
6993,732
5280,733
3802,734
3447,735
6942,736
7299,737
5014,738
4382,739
9969,740
1899,741
7508,742
5393,743
4491,744
3601,745
9127,746
2318,747
1796,748
9323,749
9043,750
5625,751
7767,752
6062,753
1439,754
8212,755
8078,756
8978,757
1811,758
5094,759
5282,760
3367,761
4894,762
9162,763
2128,764
3157,765
2462,766
9092,767
6472,768
1895,769
2878,770
2452,771
1305,772
5959,773
3636,774
5004,775
2650,776
3195,777
3452,778
3324,779
4050,780
7251,781
6293,782
8493,783
4021,784
9748,785
9386,786
3458,787
4000,788
7098,789
1398,790
1710,791
5701,792
5358,793
9821,794
3970,795
4193,796
7951,797
8298,798
1403,799
4184,800
2246,801
2860,802
1421,803
1229,804
7486,805
9721,806
2760,807
9028,808
4482,809
4035,810
9307,811
2721,812
3328,813
1893,814
8395,815
6303,816
9148,817
7426,818
3030,819
1276,820
4646,821
6488,822
3663,823
3466,824
2152,825
8970,826
9313,827
2073,828
1930,829
8912,830
6421,831
6287,832
8900,833
7459,834
3625,835
2822,836
6158,837
8761,838
2319,839
5097,840
4505,841
1577,842
7588,843
3647,844
8570,845
4094,846
1926,847
2390,848
1414,849
3363,850
8704,851
5233,852
1937,853
2854,854
1325,855
1067,856
3125,857
6178,858
9400,859
7156,860
5551,861
8730,862
9702,863
6579,864
2213,865
2678,866
9025,867
5230,868
2909,869
2827,870
4275,871
9216,872
6846,873
2077,874
7814,875
3700,876
8536,877
9142,878
9945,879
1400,880
4629,881
1201,882
3132,883
9487,884
5773,885
9056,886
9396,887
4140,888
2789,889
2344,890
6358,891
1767,892
6577,893
1034,894
3778,895
6740,896
6239,897
6689,898
3740,899
7659,900
6910,901
3911,902
7688,903
6403,904
1356,905
9811,906
9554,907
9473,908
6794,909
2055,910
4992,911
7999,912
2750,913
1102,914
8361,915
3127,916
5762,917
6076,918
1063,919
7990,920
4057,921
8655,922
1803,923
1097,924
1816,925
5798,926
2867,927
3104,928
2645,929
7914,930
5530,931
5357,932
3216,933
1482,934
9933,935
8508,936
6555,937
8475,938
3689,939
5523,940
3597,941
5366,942
2443,943
3885,944
9264,945
9842,946
5086,947
2538,948
9650,949
3853,950
5275,951
4245,952
1395,953
8614,954
8999,955
5019,956
1551,957
7876,958
3401,959
2853,960
8215,961
2803,962
9229,963
3409,964
7701,965
7240,966
8108,967
6410,968
2476,969
6022,970
4376,971
7510,972
7861,973
1634,974
7886,975
5621,976
1031,977
6212,978
8049,979
2581,980
3107,981
4407,982
9970,983
7235,984
7564,985
5475,986
7497,987
3842,988
5521,989
2120,990
8251,991
5705,992
9412,993
6333,994
7151,995
5965,996
3243,997
8378,998
9512,999
7826,1000
1774,1001
1116,1002
3641,1003
8270,1004
7165,1005
7610,1006
6075,1007
4284,1008
4817,1009
7844,1010
5449,1011
7500,1012
4776,1013
9227,1014
6122,1015
9838,1016
7579,1017
9061,1018
8356,1019
3436,1020
2356,1021
2008,1022
7406,1023
4910,1024
1288,1025
6756,1026
9463,1027
6464,1028
1208,1029
6408,1030
7385,1031
9867,1032
2639,1033
5001,1034
7220,1035
7420,1036
4667,1037
5858,1038
9125,1039
1968,1040
7672,1041
2457,1042
7259,1043
2821,1044
7965,1045
3121,1046
5981,1047
3791,1048
7057,1049
6168,1050
4653,1051
7432,1052
3521,1053
7726,1054
7258,1055
7613,1056
7949,1057
3321,1058
5834,1059
7501,1060
2680,1061
3191,1062
3204,1063
5035,1064
5285,1065
5293,1066
4707,1067
6524,1068
2290,1069
1663,1070
6834,1071
2505,1072
5390,1073
6631,1074
1430,1075
1504,1076
7690,1077
9195,1078
4476,1079
4359,1080
3027,1081
4614,1082
9397,1083
2814,1084
6701,1085
7596,1086
4277,1087
1691,1088
3309,1089
9062,1090
6864,1091
1228,1092
3965,1093
5270,1094
6956,1095
1451,1096
3846,1097
1994,1098
7671,1099
7822,1100
7648,1101
9774,1102
5638,1103
9921,1104
4766,1105
3565,1106
2116,1107
2435,1108
4809,1109
7228,1110
4043,1111
3060,1112
9608,1113
6155,1114
8779,1115
5462,1116
1099,1117
4033,1118
9217,1119
1042,1120
2479,1121
6832,1122
5692,1123
7532,1124
6807,1125
8618,1126
4064,1127
6686,1128
4312,1129
1611,1130
3648,1131
4291,1132
1227,1133
6343,1134
2098,1135
7074,1136
9510,1137
8403,1138
2406,1139
7782,1140
5477,1141
9441,1142
2568,1143
9189,1144
4968,1145
4324,1146
3380,1147
7323,1148
5634,1149
5380,1150
7615,1151
3480,1152
4381,1153
1927,1154
4191,1155
2849,1156
9966,1157
6014,1158
7494,1159
9885,1160
7327,1161
6300,1162
6540,1163
8622,1164
6954,1165
5000,1166
5255,1167
1704,1168
3154,1169
9878,1170
9979,1171
1987,1172
3224,1173
5560,1174
8351,1175
6795,1176
6404,1177
4980,1178
9034,1179
2101,1180
8664,1181
1274,1182
4911,1183
5232,1184
4838,1185
8518,1186
4321,1187
8228,1188
2690,1189
9329,1190
8777,1191
8479,1192
7430,1193
7314,1194
5210,1195
9706,1196
2050,1197
1571,1198
6490,1199
3474,1200
9565,1201
1563,1202
4582,1203
1113,1204
2352,1205
8217,1206
1480,1207
8012,1208
9146,1209
4066,1210
1836,1211
8291,1212
9591,1213
1132,1214
3355,1215
5447,1216
2927,1217
8031,1218
4364,1219
6802,1220
5595,1221
1316,1222
7040,1223
8731,1224
5916,1225
9826,1226
9377,1227
9819,1228
4335,1229
1762,1230
9939,1231
7753,1232
2199,1233
6975,1234
2428,1235
8766,1236
7605,1237
3657,1238
6080,1239
8366,1240
8514,1241
2277,1242
7404,1243
3621,1244
2211,1245
3686,1246
7010,1247
7734,1248
2312,1249
3905,1250
1238,1251
4810,1252
4643,1253
4443,1254
1928,1255
2706,1256
4237,1257
8216,1258
8923,1259
9472,1260
5768,1261
6581,1262
7044,1263
9237,1264
8194,1265
2491,1266
9798,1267
2109,1268
7519,1269
7440,1270
7067,1271
7238,1272
4801,1273
2321,1274
2609,1275
8429,1276
3212,1277
7370,1278
6338,1279
5909,1280
8388,1281
2862,1282
4886,1283
5048,1284
3210,1285
6474,1286
6297,1287
2045,1288
5349,1289
6386,1290
8163,1291
6719,1292
6542,1293
6991,1294
8404,1295
7941,1296
8157,1297
8621,1298
1101,1299
8243,1300
6125,1301
6989,1302
3453,1303
9004,1304
5569,1305
6347,1306
4561,1307
7867,1308
6430,1309
1550,1310
3291,1311
6506,1312
1558,1313
6517,1314
1972,1315
3187,1316
3029,1317
5241,1318
2146,1319
3308,1320
6641,1321
4371,1322
9213,1323
5795,1324
3306,1325
9583,1326
3410,1327
6180,1328
9518,1329
8345,1330
6562,1331
1216,1332
9634,1333
3575,1334
2767,1335
4316,1336
2727,1337
1321,1338
9002,1339
3918,1340
4330,1341
3402,1342
1844,1343
9462,1344
6104,1345
4176,1346
5331,1347
3916,1348
8555,1349
6702,1350
8898,1351
8138,1352
6830,1353
2263,1354
8818,1355
4036,1356
3834,1357
1894,1358
8824,1359
2548,1360
9610,1361
8560,1362
2026,1363
8424,1364
7136,1365
4226,1366
7458,1367
7133,1368
4355,1369
7738,1370
2009,1371
4326,1372
3218,1373
7862,1374
3878,1375
3326,1376
9255,1377
4542,1378
9662,1379
6860,1380
4756,1381
3835,1382
6840,1383
6473,1384
8087,1385
6625,1386
9532,1387
7305,1388
1394,1389
2490,1390
8266,1391
4873,1392
4062,1393
3543,1394
8928,1395
1299,1396
2139,1397
6660,1398
8189,1399
1166,1400
3234,1401
1982,1402
5403,1403
9370,1404
8144,1405
8491,1406
7589,1407
8191,1408
7499,1409
1849,1410
9859,1411
5975,1412
3058,1413
4997,1414
4388,1415
3854,1416
2023,1417
6907,1418
6385,1419
8879,1420
3246,1421
8462,1422
1123,1423
8185,1424
6314,1425
3745,1426
7421,1427
1206,1428
6805,1429
1352,1430
1423,1431
7816,1432
6136,1433
6818,1434
2228,1435
3633,1436
2993,1437
3371,1438
8804,1439
4428,1440
8507,1441
3487,1442
1911,1443
5480,1444
4059,1445
5196,1446
1507,1447
4615,1448
9007,1449
4793,1450
6964,1451
8020,1452
2015,1453
5955,1454
4633,1455
6163,1456
3225,1457
5867,1458
9941,1459
9330,1460
8290,1461
7897,1462
6251,1463
7272,1464
3360,1465
5548,1466
5226,1467
8829,1468
5172,1469
4882,1470
3768,1471
1287,1472
5201,1473
8206,1474
5977,1475
9903,1476
2665,1477
8845,1478
1145,1479
7912,1480
8941,1481
4271,1482
4034,1483
6308,1484
4575,1485
8624,1486
1066,1487
9657,1488
5244,1489
1932,1490
9924,1491
9860,1492
3332,1493
2537,1494
2612,1495
2258,1496
2426,1497
9549,1498
9260,1499
7785,1500
4946,1501
3420,1502
1268,1503
4712,1504
1495,1505
9778,1506
2048,1507
5927,1508
6751,1509
9254,1510
9649,1511
1790,1512
2341,1513
8698,1514
4525,1515
7378,1516
7418,1517
2919,1518
1533,1519
1826,1520
4728,1521
6932,1522
8552,1523
2746,1524
6737,1525
8628,1526
2828,1527
8848,1528
8751,1529
9964,1530
9911,1531
3779,1532
3611,1533
2032,1534
7695,1535
4530,1536
8380,1537
2051,1538
9191,1539
2325,1540
3718,1541
5628,1542
6000,1543
8694,1544
4576,1545
2500,1546
3984,1547
8904,1548
5405,1549
2422,1550
9047,1551
7890,1552
8790,1553
7562,1554
7526,1555
4731,1556
6367,1557
6234,1558
9225,1559
9755,1560
2080,1561
5408,1562
4805,1563
6228,1564
7472,1565
9228,1566
5406,1567
9435,1568
9185,1569
3588,1570
3411,1571
6552,1572
7723,1573
5080,1574
5345,1575
3742,1576
5381,1577
2465,1578
5723,1579
4399,1580
3096,1581
7584,1582
1596,1583
3221,1584
6190,1585
8608,1586
3454,1587
8054,1588
5473,1589
3883,1590
1251,1591
8547,1592
6086,1593
2444,1594
9744,1595
7766,1596
8534,1597
8598,1598
8208,1599
2483,1600
5571,1601
1697,1602
6387,1603
2881,1604
8899,1605
3924,1606
9322,1607
7032,1608
8140,1609
1037,1610
5851,1611
5947,1612
9771,1613
7250,1614
6992,1615
8400,1616
4989,1617
7289,1618
9925,1619
8204,1620
5757,1621
3375,1622
9198,1623
5022,1624
3738,1625
6015,1626
3784,1627
1055,1628
1889,1629
2955,1630
9271,1631
8603,1632
8260,1633
4074,1634
1839,1635
1925,1636
8394,1637
4233,1638
3839,1639
1958,1640
8481,1641
7915,1642
5945,1643
6470,1644
3630,1645
2239,1646
8919,1647
5591,1648
8285,1649
5127,1650
9331,1651
7865,1652
2144,1653
2701,1654
7047,1655
5197,1656
8097,1657
7052,1658
2108,1659
6337,1660
2084,1661
9712,1662
8553,1663
7917,1664
3272,1665
1330,1666
6748,1667
2965,1668
3879,1669
4216,1670
7950,1671
2438,1672
7689,1673
9121,1674
6289,1675
2001,1676
2688,1677
6850,1678
2577,1679
1509,1680
1603,1681
9312,1682
1687,1683
3357,1684
7854,1685
1700,1686
8072,1687
8074,1688
6468,1689
2556,1690
8232,1691
7807,1692
6477,1693
4108,1694
1622,1695
9995,1696
2544,1697
8037,1698
6216,1699
3639,1700
4665,1701
7412,1702
6224,1703
1977,1704
1783,1705
9818,1706
1082,1707
9295,1708
6081,1709
7858,1710
8165,1711
5655,1712
3564,1713
7635,1714
9791,1715
3513,1716
6727,1717
5938,1718
9604,1719
5224,1720
8773,1721
1872,1722
6074,1723
8500,1724
8796,1725
1497,1726
7174,1727
1266,1728
7524,1729
3510,1730
2184,1731
7628,1732
4836,1733
8294,1734
6870,1735
6017,1736
6004,1737
7627,1738
4538,1739
9465,1740
2776,1741
6681,1742
6226,1743
9988,1744
5685,1745
9511,1746
6733,1747
5961,1748
6936,1749
5953,1750
7594,1751
7754,1752
3855,1753
4302,1754
7925,1755
9655,1756
3974,1757
6502,1758
1257,1759
1220,1760
6948,1761
2651,1762
4385,1763
5319,1764
4795,1765
9321,1766
2301,1767
4516,1768
8444,1769
3999,1770
6253,1771
9316,1772
2329,1773
1177,1774
9231,1775
8520,1776
4199,1777
4574,1778
2899,1779
5698,1780
2938,1781
2475,1782
1998,1783
2787,1784
3920,1785
6172,1786
8369,1787
9126,1788
2847,1789
1013,1790
9749,1791
5387,1792
5055,1793
4902,1794
4357,1795
6632,1796
9810,1797
7286,1798
5766,1799
2708,1800
6085,1801
4971,1802
7893,1803
7953,1804
3585,1805
7712,1806
9881,1807
1801,1808
9342,1809
5809,1810
7942,1811
5822,1812
9599,1813
5986,1814
1010,1815
4181,1816
6426,1817
2634,1818
9659,1819
1841,1820
2280,1821
3761,1822
2407,1823
9168,1824
5090,1825
1680,1826
1284,1827
1654,1828
3887,1829
6184,1830
4765,1831
5343,1832
2624,1833
9133,1834
1661,1835
8133,1836
9398,1837
4758,1838
1457,1839
2022,1840
7150,1841
2446,1842
9647,1843
2829,1844
1898,1845
4567,1846
9333,1847
8106,1848
8887,1849
2692,1850
1670,1851
5323,1852
4563,1853
1412,1854
1431,1855
6374,1856
3806,1857
2217,1858
1557,1859
1311,1860
9156,1861
9839,1862
9194,1863
3752,1864
4749,1865
4553,1866
9919,1867
5073,1868
3069,1869
8662,1870
8850,1871
3085,1872
3239,1873
4868,1874
2376,1875
6908,1876
2338,1877
1466,1878
5264,1879
6996,1880
1487,1881
9044,1882
9101,1883
9320,1884
7786,1885
5686,1886
4737,1887
7608,1888
6296,1889
6804,1890
1776,1891
4492,1892
4362,1893
3244,1894
9828,1895
7227,1896
1942,1897
1703,1898
2747,1899
6106,1900
6672,1901
3754,1902
3910,1903
4993,1904
2296,1905
4835,1906
4855,1907
5911,1908
5877,1909
7540,1910
5574,1911
3674,1912
7084,1913
3785,1914
1759,1915
2882,1916
4448,1917
7812,1918
7061,1919
3345,1920
2292,1921
2561,1922
4389,1923
6020,1924
5838,1925
6169,1926
9102,1927
3949,1928
8659,1929
1644,1930
8355,1931
5013,1932
1047,1933
7283,1934
2200,1935
3509,1936
7851,1937
9907,1938
1673,1939
7065,1940
3388,1941
3437,1942
4581,1943
1465,1944
2773,1945
7994,1946
3131,1947
3862,1948
6891,1949
9348,1950
9613,1951
3280,1952
4430,1953
2468,1954
7722,1955
2374,1956
1046,1957
7825,1958
3931,1959
6272,1960
2911,1961
9720,1962
7474,1963
2006,1964
4566,1965
9319,1966
2892,1967
1417,1968
2373,1969
5803,1970
5119,1971
9274,1972
8544,1973
1444,1974
6197,1975
4931,1976
4846,1977
3416,1978
8470,1979
9713,1980
9414,1981
7207,1982
8934,1983
4341,1984
2251,1985
9851,1986
4941,1987
7792,1988
6868,1989
9105,1990
7352,1991
8146,1992
3995,1993
4058,1994
9374,1995
2910,1996
1162,1997
6467,1998
6324,1999
5128,2000
9267,2001
5433,2002
4706,2003
8719,2004
3989,2005
6935,2006
6246,2007
6531,2008
2926,2009
2852,2010
3775,2011
5647,2012
2161,2013
6095,2014
3405,2015
8921,2016
9808,2017
9765,2018
6383,2019
6735,2020
7281,2021
2219,2022
3789,2023
1924,2024
4106,2025
6329,2026
4748,2027
5814,2028
7666,2029
3053,2030
7362,2031
3821,2032
9754,2033
8646,2034
1907,2035
5673,2036
6760,2037
7226,2038
6787,2039
9277,2040
9097,2041
2031,2042
5276,2043
7390,2044
8070,2045
9952,2046
2716,2047
4803,2048
2004,2049
5182,2050
9960,2051
3683,2052
3230,2053
8918,2054
3852,2055
6263,2056
1298,2057
6762,2058
5972,2059
8728,2060
3744,2061
8944,2062
1005,2063
2510,2064
8905,2065
1007,2066
9411,2067
4285,2068
8727,2069
3844,2070
5524,2071
3349,2072
7387,2073
1743,2074
1286,2075
5404,2076
1599,2077
1390,2078
1707,2079
5605,2080
1725,2081
2381,2082
1863,2083
6054,2084
9201,2085
9833,2086
9170,2087
5784,2088
9335,2089
5714,2090
9764,2091
8764,2092
1178,2093
9795,2094
3773,2095
8110,2096
5789,2097
2404,2098
1589,2099
1629,2100
6317,2101
9054,2102
9571,2103
9110,2104
5788,2105
8577,2106
9000,2107
8808,2108
7661,2109
8820,2110
1693,2111
3765,2112
3026,2113
7158,2114
5865,2115
3858,2116
4569,2117
2532,2118
1711,2119
5367,2120
3197,2121
7751,2122
3118,2123
8799,2124
8349,2125
5249,2126
6739,2127
6175,2128
5643,2129
9176,2130
9923,2131
7015,2132
6500,2133
7372,2134
4777,2135
1537,2136
7632,2137
7794,2138
5312,2139
7190,2140
2584,2141
3160,2142
4309,2143
7446,2144
2578,2145
9629,2146
3072,2147
1749,2148
4160,2149
9528,2150
3334,2151
9065,2152
3741,2153
6006,2154
4450,2155
5166,2156
3113,2157
9475,2158
2543,2159
6709,2160
3780,2161
8876,2162
8068,2163
9852,2164
1974,2165
6052,2166
1245,2167
6392,2168
3200,2169
7025,2170
7805,2171
5151,2172
5690,2173
6504,2174
7334,2175
9122,2176
2815,2177
2775,2178
2130,2179
7114,2180
3031,2181
3374,2182
9154,2183
8321,2184
5298,2185
3285,2186
8648,2187
5892,2188
3108,2189
4535,2190
9580,2191
9947,2192
8036,2193
5738,2194
9408,2195
9132,2196
6597,2197
9547,2198
6262,2199
6313,2200
6854,2201
2323,2202
3464,2203
7255,2204
6607,2205
7444,2206
4823,2207
9799,2208
3423,2209
9265,2210
7368,2211
2866,2212
3300,2213
6304,2214
7583,2215
1617,2216
5964,2217
4651,2218
5846,2219
8368,2220
6179,2221
2345,2222
8627,2223
8329,2224
4147,2225
3238,2226
6025,2227
8584,2228
6460,2229
8275,2230
7330,2231
7384,2232
4457,2233
9416,2234
4449,2235
1160,2236
1567,2237
2766,2238
1698,2239
4360,2240
2281,2241
3880,2242
3707,2243
4739,2244
4694,2245
4675,2246
4079,2247
4721,2248
8150,2249
5859,2250
9822,2251
4940,2252
3830,2253
5247,2254
8826,2255
1730,2256
2249,2257
1778,2258
8158,2259
6206,2260
1436,2261
2756,2262
3498,2263
2924,2264
7263,2265
7678,2266
6023,2267
3537,2268
4973,2269
4904,2270
4246,2271
5466,2272
9679,2273
2511,2274
3156,2275
1503,2276
8582,2277
5678,2278
8641,2279
6393,2280
2053,2281
9479,2282
7230,2283
1715,2284
7531,2285
4709,2286
7905,2287
9431,2288
7619,2289
2963,2290
5120,2291
6503,2292
1242,2293
5863,2294
5718,2295
3122,2296
8571,2297
5627,2298
6098,2299
3553,2300
1866,2301
5987,2302
6026,2303
4951,2304
1871,2305
5545,2306
6011,2307
3656,2308
9883,2309
4682,2310
5787,2311
1754,2312
7736,2313
9934,2314
4481,2315
5056,2316
5956,2317
5802,2318
6980,2319
4429,2320
8221,2321
5741,2322
5792,2323
4452,2324
6561,2325
1722,2326
8192,2327
6888,2328
1543,2329
8615,2330
7558,2331
8461,2332
4269,2333
2574,2334
3099,2335
5845,2336
1727,2337
6763,2338
2956,2339
8060,2340
6082,2341
2415,2342
7696,2343
3694,2344
6476,2345
7479,2346
7366,2347
7380,2348
9399,2349
2553,2350
4175,2351
9813,2352
1275,2353
3220,2354
8733,2355
4210,2356
7985,2357
1085,2358
3024,2359
4259,2360
9930,2361
8930,2362
8868,2363
4279,2364
5377,2365
8974,2366
4151,2367
2696,2368
1351,2369
4888,2370
9977,2371
1518,2372
2527,2373
2310,2374
4166,2375
3568,2376
6027,2377
8658,2378
5680,2379
6126,2380
5084,2381
1729,2382
3184,2383
4459,2384
5329,2385
2889,2386
5819,2387
1253,2388
9506,2389
6692,2390
5068,2391
5453,2392
2322,2393
1071,2394
9962,2395
8259,2396
9163,2397
5228,2398
5431,2399
6010,2400
7520,2401
6684,2402
7559,2403
2365,2404
1173,2405
4944,2406
8224,2407
5583,2408
7201,2409
3873,2410
1624,2411
9382,2412
7832,2413
6066,2414
2788,2415
3275,2416
2714,2417
6798,2418
2518,2419
2704,2420
9139,2421
5994,2422
3235,2423
1260,2424
4899,2425
1182,2426
9968,2427
5402,2428
7757,2429
5799,2430
8091,2431
8420,2432
5024,2433
9794,2434
2998,2435
3462,2436
6188,2437
6060,2438
3921,2439
8009,2440
7208,2441
1965,2442
9624,2443
6345,2444
6097,2445
3463,2446
5935,2447
5242,2448
6269,2449
6067,2450
5633,2451
5423,2452
6642,2453
1751,2454
7392,2455
3736,2456
9433,2457
9226,2458
9922,2459
1003,2460
8219,2461
7073,2462
4340,2463
3400,2464
9507,2465
8580,2466
3646,2467
6926,2468
2997,2469
4051,2470
2380,2471
7724,2472
1534,2473
3421,2474
6673,2475
2917,2476
5564,2477
5464,2478
1809,2479
8337,2480
5490,2481
2620,2482
1714,2483
2545,2484
3680,2485
7273,2486
5756,2487
2157,2488
6429,2489
8318,2490
5753,2491
1835,2492
6413,2493
9372,2494
3558,2495
9535,2496
2719,2497
8357,2498
1024,2499
9665,2500
5236,2501
1449,2502
8180,2503
4597,2504
1820,2505
4557,2506
6906,2507
7716,2508
8408,2509
9288,2510
6236,2511
3245,2512
1988,2513
7449,2514
5093,2515
3347,2516
3149,2517
1112,2518
5033,2519
1719,2520
1607,2521
2480,2522
1469,2523
5884,2524
8417,2525
8093,2526
1239,2527
1476,2528
9364,2529
7011,2530
6447,2531
2013,2532
1041,2533
1726,2534
3322,2535
3983,2536
6624,2537
1200,2538
4527,2539
8024,2540
5157,2541
2974,2542
9597,2543
9607,2544
7019,2545
5821,2546
2710,2547
6779,2548
5426,2549
4490,2550
7342,2551
7198,2552
7268,2553
5669,2554
8076,2555
5696,2556
8335,2557
6553,2558
5162,2559
6129,2560
4603,2561
4421,2562
7171,2563
5971,2564
1579,2565
7480,2566
7328,2567
6983,2568
7887,2569
3520,2570
3445,2571
5829,2572
9980,2573
8740,2574
7565,2575
4401,2576
4560,2577
7612,2578
3020,2579
7135,2580
9514,2581
4480,2582
2566,2583
2364,2584
6729,2585
9450,2586
8383,2587
8797,2588
5832,2589
7986,2590
7971,2591
6734,2592
1921,2593
3397,2594
6380,2595
7089,2596
3327,2597
1120,2598
5516,2599
1947,2600
8464,2601
8966,2602
7927,2603
2743,2604
3086,2605
3529,2606
3963,2607
9252,2608
7877,2609
5534,2610
1992,2611
9032,2612
9437,2613
7260,2614
9590,2615
2179,2616
7976,2617
1236,2618
2347,2619
9413,2620
2944,2621
6291,2622
6084,2623
2455,2624
1180,2625
8118,2626
8245,2627
5808,2628
1293,2629
3866,2630
5291,2631
2369,2632
3203,2633
4605,2634
5164,2635
2423,2636
7898,2637
3153,2638
1837,2639
3519,2640
2996,2641
1755,2642
2843,2643
8161,2644
9887,2645
7609,2646
1582,2647
3687,2648
3928,2649
5752,2650
1484,2651
6463,2652
8977,2653
5218,2654
6941,2655
8840,2656
3404,2657
3666,2658
8438,2659
2003,2660
4163,2661
2679,2662
1462,2663
5041,2664
2712,2665
2928,2666
9896,2667
8722,2668
4393,2669
6242,2670
2813,2671
8747,2672
3471,2673
2616,2674
7389,2675
7959,2676
1105,2677
3481,2678
2482,2679
1429,2680
3717,2681
2495,2682
6307,2683
4517,2684
4172,2685
1717,2686
6124,2687
8576,2688
5841,2689
2851,2690
4408,2691
9430,2692
8650,2693
1409,2694
4486,2695
9278,2696
4713,2697
8961,2698
5116,2699
5336,2700
6875,2701
1805,2702
1289,2703
9200,2704
2841,2705
3299,2706
4876,2707
7336,2708
1625,2709
2525,2710
1358,2711
3094,2712
6252,2713
3395,2714
8382,2715
7849,2716
2579,2717
1374,2718
8812,2719
3194,2720
7875,2721
9617,2722
9996,2723
9978,2724
5570,2725
9513,2726
5580,2727
4468,2728
5165,2729
8419,2730
2744,2731
3739,2732
1283,2733
3607,2734
6146,2735
4969,2736
6201,2737
4494,2738
6612,2739
1923,2740
3604,2741
5002,2742
2599,2743
8437,2744
5205,2745
8697,2746
9403,2747
1656,2748
9905,2749
6583,2750
1873,2751
5072,2752
3140,2753
7045,2754
6535,2755
2817,2756
7502,2757
6355,2758
1100,2759
9418,2760
6811,2761
7801,2762
8043,2763
9796,2764
9052,2765
8952,2766
8027,2767
1380,2768
4785,2769
5252,2770
5944,2771
8183,2772
6295,2773
8052,2774
3083,2775
3651,2776
6900,2777
4956,2778
1867,2779
4985,2780
8240,2781
9248,2782
5888,2783
2617,2784
4318,2785
3063,2786
2165,2787
4030,2788
2485,2789
9104,2790
2212,2791
5997,2792
9117,2793
3457,2794
2074,2795
2533,2796
9326,2797
9690,2798
6790,2799
4048,2800
6771,2801
1233,2802
2096,2803
2627,2804
3033,2805
6822,2806
4337,2807
4974,2808
5054,2809
5452,2810
9055,2811
8954,2812
6053,2813
7211,2814
3115,2815
2097,2816
3670,2817
8591,2818
2991,2819
2164,2820
5695,2821
8197,2822
3102,2823
9035,2824
6943,2825
8504,2826
8173,2827
1202,2828
3643,2829
4917,2830
5697,2831
1561,2832
6722,2833
7450,2834
2930,2835
3386,2836
6667,2837
1508,2838
1442,2839
3948,2840
6533,2841
1383,2842
7552,2843
6268,2844
5299,2845
3111,2846
2526,2847
7453,2848
2618,2849
4444,2850
4893,2851
7036,2852
1525,2853
1392,2854
6165,2855
1326,2856
1093,2857
9676,2858
9805,2859
9823,2860
3286,2861
3762,2862
5629,2863
1459,2864
8638,2865
6055,2866
9098,2867
2078,2868
4526,2869
3534,2870
3823,2871
2660,2872
3141,2873
1498,2874
8597,2875
6466,2876
4117,2877
7127,2878
2320,2879
8561,2880
7128,2881
9297,2882
1848,2883
6094,2884
6065,2885
6087,2886
4415,2887
9467,2888
8924,2889
4729,2890
5616,2891
6662,2892
8798,2893
5791,2894
8064,2895
7111,2896
9614,2897
4534,2898
9247,2899
7431,2900
9178,2901
3046,2902
8700,2903
8019,2904
3162,2905
4339,2906
4881,2907
4722,2908
5250,2909
7869,2910
1244,2911
3787,2912
1576,2913
3161,2914
7774,2915
2569,2916
4489,2917
1250,2918
2668,2919
1976,2920
5008,2921
9551,2922
5472,2923
6183,2924
4222,2925
7287,2926
9077,2927
9395,2928
6930,2929
8869,2930
6058,2931
8247,2932
4019,2933
7818,2934
7388,2935
9504,2936
5051,2937
3528,2938
5339,2939
5933,2940
3101,2941
6152,2942
9786,2943
7056,2944
9175,2945
1623,2946
9737,2947
5731,2948
1109,2949
6623,2950
8996,2951
6028,2952
3772,2953
9341,2954
2486,2955
7646,2956
2454,2957
6480,2958
3372,2959
5469,2960
3415,2961
5898,2962
9858,2963
8025,2964
5039,2965
2071,2966
3229,2967
8922,2968
9652,2969
2025,2970
9781,2971
3627,2972
7204,2973
5679,2974
7973,2975
5258,2976
7185,2977
9530,2978
4386,2979
9622,2980
2182,2981
6340,2982
3659,2983
9327,2984
7094,2985
6318,2986
6556,2987
8762,2988
5217,2989
6536,2990
4503,2991
6828,2992
6924,2993
6559,2994
9485,2995
5484,2996
8813,2997
9495,2998
1186,2999
2893,3000
2987,3001
4523,3002
7765,3003
2154,3004
7294,3005
1605,3006
6918,3007
8443,3008
2295,3009
7790,3010
3859,3011
6863,3012
9635,3013
3167,3014
9263,3015
6603,3016
1931,3017
1422,3018
2641,3019
7246,3020
9290,3021
2400,3022
9256,3023
1519,3024
1648,3025
5501,3026
2314,3027
1190,3028
8021,3029
1369,3030
1520,3031
9519,3032
2143,3033
3146,3034
9392,3035
6635,3036
4735,3037
7850,3038
6599,3039
2654,3040
7937,3041
4680,3042
2736,3043
8100,3044
4215,3045
4391,3046
5754,3047
3023,3048
7386,3049
3392,3050
7231,3051
7733,3052
5716,3053
9468,3054
1343,3055
6869,3056
5234,3057
2459,3058
7090,3059
6325,3060
1892,3061
3501,3062
7002,3063
4781,3064
3637,3065
9648,3066
1955,3067
6012,3068
9451,3069
8792,3070
1261,3071
6270,3072
2513,3073
9167,3074
8375,3075
1265,3076
9311,3077
3264,3078
7443,3079
4730,3080
2517,3081
3301,3082
3809,3083
4930,3084
6508,3085
3307,3086
5828,3087
3439,3088
3006,3089
5608,3090
2451,3091
6697,3092
8278,3093
8073,3094
7995,3095
7777,3096
5374,3097
6753,3098
6453,3099
8311,3100
1608,3101
5776,3102
8860,3103
8179,3104
4466,3105
9358,3106
7181,3107
5883,3108
3595,3109
3676,3110
6379,3111
4477,3112
6754,3113
7377,3114
6037,3115
6539,3116
7393,3117
6630,3118
8896,3119
6346,3120
1883,3121
4532,3122
8609,3123
8303,3124
1843,3125
3658,3126
5031,3127
9984,3128
8480,3129
7248,3130
4442,3131
5871,3132
4939,3133
2361,3134
9492,3135
9697,3136
7662,3137
3980,3138
4943,3139
4972,3140
1218,3141
8685,3142
3511,3143
5966,3144
1139,3145
3617,3146
4700,3147
6107,3148
9131,3149
2150,3150
4934,3151
9773,3152
3522,3153
8915,3154
7064,3155
4740,3156
6484,3157
5758,3158
3552,3159
5728,3160
7742,3161
8949,3162
2061,3163
7550,3164
1594,3165
8780,3166
1222,3167
7364,3168
7685,3169
5262,3170
9692,3171
1282,3172
4409,3173
8859,3174
8867,3175
4666,3176
2203,3177
4506,3178
8280,3179
8602,3180
7382,3181
9257,3182
3087,3183
8341,3184
2028,3185
7525,3186
8030,3187
4568,3188
3383,3189
7243,3190
4645,3191
8015,3192
5835,3193
4334,3194
2339,3195
1125,3196
8314,3197
3635,3198
6449,3199
7183,3200
7359,3201
2472,3202
8768,3203
5132,3204
7408,3205
8320,3206
1660,3207
1032,3208
4350,3209
8575,3210
7618,3211
3956,3212
7146,3213
5782,3214
9999,3215
4402,3216
2456,3217
4168,3218
5181,3219
9066,3220
8884,3221
7433,3222
2363,3223
8159,3224
8599,3225
8595,3226
9283,3227
7729,3228
4673,3229
2069,3230
5150,3231
7845,3232
6982,3233
6582,3234
4544,3235
1600,3236
5691,3237
3951,3238
4623,3239
1585,3240
1461,3241
1303,3242
3982,3243
5112,3244
7943,3245
3571,3246
6598,3247
9380,3248
1437,3249
9180,3250
4028,3251
6955,3252
3750,3253
1131,3254
2159,3255
8332,3256
4600,3257
4010,3258
3166,3259
5386,3260
8870,3261
5820,3262
9241,3263
4825,3264
1130,3265
7492,3266
6659,3267
1667,3268
4484,3269
1632,3270
1129,3271
4082,3272
1485,3273
1695,3274
2131,3275
8668,3276
4105,3277
9685,3278
2391,3279
6538,3280
9587,3281
8891,3282
2689,3283
5006,3284
9353,3285
4142,3286
2831,3287
2052,3288
9151,3289
2826,3290
5420,3291
4502,3292
5603,3293
4258,3294
6254,3295
3266,3296
3652,3297
1777,3298
7934,3299
3283,3300
4241,3301
6859,3302
5362,3303
1882,3304
7417,3305
5607,3306
5724,3307
4427,3308
7451,3309
3749,3310
8190,3311
3427,3312
1295,3313
1903,3314
7469,3315
4378,3316
4024,3317
7304,3318
2711,3319
5446,3320
1104,3321
1552,3322
1248,3323
1416,3324
3042,3325
6208,3326
3376,3327
9100,3328
5032,3329
9620,3330
2110,3331
7331,3332
2976,3333
3422,3334
5906,3335
3215,3336
6791,3337
3448,3338
3731,3339
2529,3340
5663,3341
4588,3342
8478,3343
5305,3344
5711,3345
9777,3346
8509,3347
9525,3348
4384,3349
2656,3350
2187,3351
4091,3352
9192,3353
2667,3354
1621,3355
8639,3356
9993,3357
7735,3358
4422,3359
8113,3360
9368,3361
3516,3362
9159,3363
9490,3364
3170,3365
5170,3366
2245,3367
4186,3368
4016,3369
4377,3370
3940,3371
9082,3372
6461,3373
1083,3374
8692,3375
5826,3376
5184,3377
7563,3378
6661,3379
5058,3380
7625,3381
3090,3382
6884,3383
9898,3384
9379,3385
4144,3386
6764,3387
2085,3388
5159,3389
2370,3390
1530,3391
2091,3392
8274,3393
4009,3394
1753,3395
5531,3396
3428,3397
7215,3398
1347,3399
9273,3400
5284,3401
7683,3402
2433,3403
5659,3404
1192,3405
3002,3406
6339,3407
1964,3408
5063,3409
4102,3410
2065,3411
1961,3412
7399,3413
8391,3414
9421,3415
7626,3416
2662,3417
7108,3418
8119,3419
1234,3420
3508,3421
4632,3422
2358,3423
7489,3424
8695,3425
9736,3426
5602,3427
1524,3428
9683,3429
4723,3430
8284,3431
6235,3432
2330,3433
8004,3434
2731,3435
5385,3436
5729,3437
7237,3438
4658,3439
5576,3440
4691,3441
3894,3442
3095,3443
5513,3444
3728,3445
9913,3446
8984,3447
1913,3448
6454,3449
3008,3450
4392,3451
3396,3452
8640,3453
1454,3454
2516,3455
9013,3456
8882,3457
4413,3458
5243,3459
3535,3460
3310,3461
3237,3462
3467,3463
6813,3464
8554,3465
1709,3466
4187,3467
1858,3468
6567,3469
8756,3470
5479,3471
3182,3472
3093,3473
1081,3474
1478,3475
5907,3476
8381,3477
7182,3478
7718,3479
7518,3480
4631,3481
9686,3482
4207,3483
9406,3484
2994,3485
1609,3486
3017,3487
4264,3488
3314,3489
3077,3490
9024,3491
2294,3492
5494,3493
8794,3494
2383,3495
1433,3496
8044,3497
6558,3498
6319,3499
9524,3500
2764,3501
8874,3502
8791,3503
4194,3504
1505,3505
8080,3506
8250,3507
9987,3508
9449,3509
3051,3510
7708,3511
9496,3512
3293,3513
4584,3514
4088,3515
5455,3516
5168,3517
7616,3518
2233,3519
6127,3520
9401,3521
8401,3522
5547,3523
7682,3524
7445,3525
2931,3526
3574,3527
8851,3528
2102,3529
9238,3530
3650,3531
5540,3532
9570,3533
8081,3534
6144,3535
7855,3536
7131,3537
3050,3538
3580,3539
5506,3540
9149,3541
6072,3542
6359,3543
1850,3544
2884,3545
6976,3546
2134,3547
2772,3548
6363,3549
6427,3550
8416,3551
2058,3552
2833,3553
9259,3554
4995,3555
4135,3556
1631,3557
7787,3558
7568,3559
7152,3560
8588,3561
2502,3562
9642,3563
7991,3564
8322,3565
3070,3566
2846,3567
6362,3568
8347,3569
7960,3570
5733,3571
1668,3572
1833,3573
8528,3574
8911,3575
1297,3576
5504,3577
2762,3578
5271,3579
4832,3580
1474,3581
7597,3582
8315,3583
2403,3584
8362,3585
2140,3586
4496,3587
2269,3588
2057,3589
8738,3590
6643,3591
2777,3592
1910,3593
4727,3594
8261,3595
2515,3596
8188,3597
9825,3598
4875,3599
4780,3600
7928,3601
4791,3602
8489,3603
3569,3604
2244,3605
9640,3606
6143,3607
1314,3608
1188,3609
4570,3610
1637,3611
9534,3612
3769,3613
4559,3614
8920,3615
9836,3616
6698,3617
8894,3618
4365,3619
7797,3620
5075,3621
1048,3622
4446,3623
4800,3624
9944,3625
4844,3626
5179,3627
2155,3628
8833,3629
9908,3630
9520,3631
8334,3632
4975,3633
6574,3634
4343,3635
4879,3636
6973,3637
9615,3638
2534,3639
4783,3640
5957,3641
2336,3642
1758,3643
2282,3644
6532,3645
3130,3646
2864,3647
3105,3648
7896,3649
8393,3650
6277,3651
9797,3652
5831,3653
3620,3654
6280,3655
9661,3656
6676,3657
3268,3658
2419,3659
3793,3660
8103,3661
7687,3662
2309,3663
2887,3664
3144,3665
7475,3666
5578,3667
4657,3668
7663,3669
3845,3670
6048,3671
7333,3672
4205,3673
4668,3674
1713,3675
1859,3676
6743,3677
8682,3678
7617,3679
6360,3680
6521,3681
7660,3682
8587,3683
7932,3684
4925,3685
6051,3686
3201,3687
2535,3688
8265,3689
2603,3690
9667,3691
6799,3692
7880,3693
6665,3694
3342,3695
4618,3696
8910,3697
8753,3698
6111,3699
9792,3700
9186,3701
7644,3702
4081,3703
9500,3704
5310,3705
2839,3706
6240,3707
3356,3708
2315,3709
4114,3710
8184,3711
9928,3712
9917,3713
6103,3714
1716,3715
6608,3716
7262,3717
3338,3718
1069,3719
9051,3720
7293,3721
1529,3722
1237,3723
1975,3724
4827,3725
6909,3726
3546,3727
5630,3728
2393,3729
8413,3730
1445,3731
2240,3732
2769,3733
7620,3734
3814,3735
8210,3736
9235,3737
1267,3738
8283,3739
8109,3740
2659,3741
9533,3742
5889,3743
6746,3744
8917,3745
9537,3746
1141,3747
3488,3748
8406,3749
1354,3750
4294,3751
3631,3752
1830,3753
4660,3754
3897,3755
7833,3756
1302,3757
8436,3758
9446,3759
9708,3760
7042,3761
2473,3762
3945,3763
3819,3764
7902,3765
8079,3766
5651,3767
4096,3768
3567,3769
5666,3770
3057,3771
4281,3772
5465,3773
2235,3774
4488,3775
4663,3776
4077,3777
7947,3778
4753,3779
3378,3780
7727,3781
6384,3782
5044,3783
9982,3784
1915,3785
1616,3786
7636,3787
2206,3788
7979,3789
8213,3790
1721,3791
8746,3792
9843,3793
3953,3794
1425,3795
8503,3796
9289,3797
4069,3798
1197,3799
8058,3800
5552,3801
6372,3802
1407,3803
5949,3804
7394,3805
1270,3806
2411,3807
5737,3808
6512,3809
1742,3810
9365,3811
3456,3812
3228,3813
1906,3814
8786,3815
3524,3816
5371,3817
3776,3818
8008,3819
2214,3820
7307,3821
7415,3822
8439,3823
7700,3824
9058,3825
7578,3826
1655,3827
4007,3828
9802,3829
3176,3830
3295,3831
8565,3832
6422,3833
4763,3834
9636,3835
6166,3836
5209,3837
7606,3838
6115,3839
8785,3840
6283,3841
3939,3842
4164,3843
7264,3844
8229,3845
2293,3846
4345,3847
3684,3848
1636,3849
2105,3850
7317,3851
1512,3852
6657,3853
5052,3854
5328,3855
3223,3856
8931,3857
1349,3858
9425,3859
4602,3860
9965,3861
1080,3862
8449,3863
5794,3864
4161,3865
4204,3866
8474,3867
9948,3868
6061,3869
3139,3870
6806,3871
5437,3872
5510,3873
4104,3874
4182,3875
4322,3876
4498,3877
6861,3878
3168,3879
3273,3880
2536,3881
7212,3882
7759,3883
7124,3884
7938,3885
8488,3886
6181,3887
1320,3888
6078,3889
1210,3890
4552,3891
2869,3892
1890,3893
4822,3894
4440,3895
6765,3896
2600,3897
1337,3898
5745,3899
5144,3900
9293,3901
5736,3902
1786,3903
2231,3904
6279,3905
6259,3906
6486,3907
9625,3908
3719,3909
8092,3910
9876,3911
2758,3912
8878,3913
1121,3914
6401,3915
1483,3916
3331,3917
7422,3918
2283,3919
9564,3920
2470,3921
6959,3922
2286,3923
5656,3924
6366,3925
8975,3926
8358,3927
3671,3928
6658,3929
5092,3930
7478,3931
2197,3932
4937,3933
4984,3934
1610,3935
3690,3936
3628,3937
2968,3938
9584,3939
8805,3940
3469,3941
3829,3942
6742,3943
1221,3944
8558,3945
2531,3946
7054,3947
9670,3948
9318,3949
6266,3950
8897,3951
2350,3952
6514,3953
9219,3954
9974,3955
1814,3956
6120,3957
1712,3958
4363,3959
6668,3960
5674,3961
1941,3962
6718,3963
5796,3964
3599,3965
7112,3966
5855,3967
3523,3968
3477,3969
9324,3970
5239,3971
1059,3972
5140,3973
8244,3974
4913,3975
9641,3976
9262,3977
1420,3978
1846,3979
2019,3980
7906,3981
5338,3982
3499,3983
6871,3984
4133,3985
2254,3986
5522,3987
4190,3988
3622,3989
6495,3990
3271,3991
4736,3992
6687,3993
2753,3994
9682,3995
2079,3996
2541,3997
4609,3998
7347,3999
8010,4000
5115,4001
1258,4002
4472,4003
3319,4004
7918,4005
6209,4006
5070,4007
5507,4008
1800,4009
9039,4010
9059,4011
9108,4012
9710,4013
6655,4014
1702,4015
6915,4016
5411,4017
5297,4018
3904,4019
7741,4020
4697,4021
8963,4022
2937,4023
2676,4024
4852,4025
1880,4026
9915,4027
8675,4028
2313,4029
2588,4030
5368,4031
6847,4032
5998,4033
3009,4034
4866,4035
8723,4036
9129,4037
9817,4038
4189,4039
4867,4040
1962,4041
1799,4042
8258,4043
2589,4044
9664,4045
6452,4046
9955,4047
5108,4048
4677,4049
4464,4050
6819,4051
6705,4052
2876,4053
1126,4054
5017,4055
5650,4056
8200,4057
3472,4058
7363,4059
1058,4060
4745,4061
8050,4062
7381,4063
3430,4064
8594,4065
5138,4066
9355,4067
6388,4068
2951,4069
3403,4070
4248,4071
7981,4072
3504,4073
7178,4074
2220,4075
2218,4076
4425,4077
5400,4078
3211,4079
9884,4080
8992,4081
2060,4082
8816,4083
2560,4084
3179,4085
3054,4086
7773,4087
7599,4088
7650,4089
9494,4090
1842,4091
8116,4092
5254,4093
4738,4094
7894,4095
3774,4096
9152,4097
5085,4098
5317,4099
2176,4100
4101,4101
9812,4102
7823,4103
4257,4104
4889,4105
5684,4106
5372,4107
9621,4108
1057,4109
8854,4110
8958,4111
2658,4112
4577,4113
4590,4114
8236,4115
1997,4116
4531,4117
1040,4118
4296,4119
7438,4120
1155,4121
8305,4122
8376,4123
8046,4124
2870,4125
9893,4126
4907,4127
2567,4128
7657,4129
8418,4130
2936,4131
2768,4132
3679,4133
9339,4134
7116,4135
1581,4136
5861,4137
8166,4138
6469,4139
8537,4140
2647,4141
4806,4142
7077,4143
8847,4144
6417,4145
7629,4146
1033,4147
4998,4148
3260,4149
1570,4150
3851,4151
3612,4152
2278,4153
9870,4154
5419,4155
7634,4156
3815,4157
7191,4158
6816,4159
5735,4160
5824,4161
1896,4162
5038,4163
4898,4164
1271,4165
1281,4166
1087,4167
3061,4168
2675,4169
7312,4170
3746,4171
5681,4172
9582,4173
5174,4174
5872,4175
9143,4176
2933,4177
9902,4178
6177,4179
3035,4180
3233,4181
6381,4182
3696,4183
7413,4184
1838,4185
1152,4186
8199,4187
1179,4188
1897,4189
7236,4190
9480,4191
3209,4192
8810,4193
8487,4194
4962,4195
3305,4196
6677,4197
5748,4198
5470,4199
9783,4200
4638,4201
3047,4202
4555,4203
1908,4204
5213,4205
8202,4206
6772,4207
6645,4208
9844,4209
5992,4210
4225,4211
9488,4212
2995,4213
9461,4214
4460,4215
3198,4216
2671,4217
4342,4218
6442,4219
8809,4220
6230,4221
2111,4222
6640,4223
2193,4224
4020,4225
2204,4226
9589,4227
2907,4228
7879,4229
5923,4230
3572,4231
6865,4232
6371,4233
3781,4234
6611,4235
1073,4236
4539,4237
7000,4238
8596,4239
1252,4240
7017,4241
5340,4242
8856,4243
5519,4244
7784,4245
5391,4246
2504,4247
6923,4248
3590,4249
3446,4250
7872,4251
4173,4252
4607,4253
6405,4254
6443,4255
3461,4256
5392,4257
5334,4258
6988,4259
5316,4260
5111,4261
4616,4262
3977,4263
5908,4264
7123,4265
9343,4266
8154,4267
6590,4268
4224,4269
2288,4270
1171,4271
7503,4272
5706,4273
6636,4274
8861,4275
9347,4276
3798,4277
6368,4278
2605,4279
6724,4280
2298,4281
6853,4282
2275,4283
8573,4284
3919,4285
9856,4286
6925,4287
3541,4288
7369,4289
8735,4290
5418,4291
7806,4292
6970,4293
8075,4294
1140,4295
2445,4296
9153,4297
3450,4298
5106,4299
7647,4300
5269,4301
9732,4302
7169,4303
3716,4304
5925,4305
1665,4306
9536,4307
9270,4308
9373,4309
5082,4310
1501,4311
4410,4312
5712,4313
4693,4314
7086,4315
9891,4316
6776,4317
3804,4318
1043,4319
3570,4320
4141,4321
2508,4322
5644,4323
9298,4324
6563,4325
3979,4326
1249,4327
9204,4328
4550,4329
8469,4330
7068,4331
7371,4332
8772,4333
4959,4334
7356,4335
3387,4336
7673,4337
7401,4338
9205,4339
7523,4340
5709,4341
1953,4342
1164,4343
2883,4344
6842,4345
3414,4346
3893,4347
3052,4348
7103,4349
1517,4350
1536,4351
2728,4352
3958,4353
7820,4354
7493,4355
7884,4356
1986,4357
4122,4358
3547,4359
8531,4360
5746,4361
8661,4362
7528,4363
6465,4364
6425,4365
4155,4366
4005,4367
9423,4368
3957,4369
4037,4370
8957,4371
2740,4372
5614,4373
6320,4374
2780,4375
6990,4376
1677,4377
3935,4378
1971,4379
2989,4380
3034,4381
8455,4382
5661,4383
4798,4384
1203,4385
6543,4386
4541,4387
9639,4388
5098,4389
2580,4390
7353,4391
7004,4392
6889,4393
3721,4394
7029,4395
7963,4396
2386,4397
3134,4398
7168,4399
3106,4400
7665,4401
8630,4402
4463,4403
5676,4404
3545,4405
9746,4406
6128,4407
9775,4408
7397,4409
2394,4410
5091,4411
8028,4412
9314,4413
3820,4414
7749,4415
9872,4416
2635,4417
7202,4418
8313,4419
8516,4420
2059,4421
4591,4422
1806,4423
5491,4424
6554,4425
5890,4426
7834,4427
3542,4428
2663,4429
1795,4430
3976,4431
4648,4432
6796,4433
4622,4434
7217,4435
2038,4436
8425,4437
7848,4438
8988,4439
8939,4440
8871,4441
4717,4442
5324,4443
4395,4444
1852,4445
4923,4446
8440,4447
6953,4448
8532,4449
8372,4450
8989,4451
1604,4452
9820,4453
3856,4454
6192,4455
8990,4456
3881,4457
8095,4458
1026,4459
1015,4460
8220,4461
6185,4462
1279,4463
1750,4464
3922,4465
8691,4466
2608,4467
7024,4468
9415,4469
9268,4470
6416,4471
7062,4472
8302,4473
3649,4474
6899,4475
7956,4476
7916,4477
1526,4478
6176,4479
6411,4480
3190,4481
6349,4482
2142,4483
6569,4484
1207,4485
2592,4486
9691,4487
8737,4488
9091,4489
8866,4490
1323,4491
3517,4492
4922,4493
3419,4494
1960,4495
5089,4496
4949,4497
5422,4498
5854,4499
9258,4500
8741,4501
7218,4502
9115,4503
6275,4504
8831,4505
1408,4506
5161,4507
4299,4508
6148,4509
4779,4510
4634,4511
7375,4512
8486,4513
8249,4514
4348,4515
2530,4516
8693,4517
1984,4518
9294,4519
1516,4520
1154,4521
4724,4522
1183,4523
1645,4524
9850,4525
7967,4526
6334,4527
3455,4528
8460,4529
4103,4530
6736,4531
3073,4532
6759,4533
3586,4534
1391,4535
5833,4536
4013,4537
6149,4538
7295,4539
8120,4540
2648,4541
5687,4542
2799,4543
6613,4544
1741,4545
4751,4546
1402,4547
4752,4548
5492,4549
8841,4550
8530,4551
5320,4552
1731,4553
4270,4554
3500,4555
4662,4556
4865,4557
3642,4558
4139,4559
6626,4560
4690,4561
4948,4562
4095,4563
1344,4564
7903,4565
2273,4566
4841,4567
9588,4568
7365,4569
5870,4570
2276,4571
5260,4572
7719,4573
6738,4574
9675,4575
5096,4576
2718,4577
8666,4578
3043,4579
4860,4580
2225,4581
2573,4582
4725,4583
9183,4584
7318,4585
1375,4586
3262,4587
3865,4588
8129,4589
2949,4590
4928,4591
2794,4592
6162,4593
8082,4594
9090,4595
6258,4596
6619,4597
4072,4598
5103,4599
8360,4600
3315,4601
5599,4602
5543,4603
6997,4604
5658,4605
1452,4606
6119,4607
5379,4608
3171,4609
7516,4610
3379,4611
3505,4612
1029,4613
5219,4614
3955,4615
1453,4616
7800,4617
7051,4618
8310,4619
8877,4620
5866,4621
8886,4622
1184,4623
3654,4624
9672,4625
3987,4626
3276,4627
9717,4628
3936,4629
5488,4630
3917,4631
6750,4632
5263,4633
3120,4634
3824,4635
6049,4636
6609,4637
6186,4638
7222,4639
2334,4640
1736,4641
5439,4642
8769,4643
1981,4644
8708,4645
1148,4646
7340,4647
5568,4648
6940,4649
8982,4650
7831,4651
4863,4652
5707,4653
5301,4654
3287,4655
8132,4656
4018,4657
4918,4658
1490,4659
1187,4660
9354,4661
5158,4662
8465,4663
2587,4664
5126,4665
8665,4666
3180,4667
6874,4668
1165,4669
6682,4670
4996,4671
6046,4672
8377,4673
3231,4674
9155,4675
5592,4676
3352,4677
7809,4678
1752,4679
8940,4680
4642,4681
5721,4682
6112,4683
8364,4684
1327,4685
8951,4686
9234,4687
4136,4688
3369,4689
7667,4690
7652,4691
3288,4692
7692,4693
2954,4694
5487,4695
9862,4696
2066,4697
4223,4698
2886,4699
5409,4700
8148,4701
5110,4702
5660,4703
9711,4704
5050,4705
3810,4706
5364,4707
6164,4708
7013,4709
1191,4710
5899,4711
3720,4712
3737,4713
1588,4714
8101,4715
2385,4716
5954,4717
2845,4718
6353,4719
4608,4720
9527,4721
5015,4722
1475,4723
2126,4724
2850,4725
1426,4726
3764,4727
3827,4728
3206,4729
3991,4730
7852,4731
4744,4732
7197,4733
8255,4734
6723,4735
3151,4736
3536,4737
5448,4738
6459,4739
5246,4740
9707,4741
8431,4742
5173,4743
4124,4744
7715,4745
5613,4746
9428,4747
4231,4748
3712,4749
6365,4750
8566,4751
7055,4752
6843,4753
6922,4754
4711,4755
7819,4756
7477,4757
6331,4758
8454,4759
3908,4760
1300,4761
7913,4762
6487,4763
9733,4764
9409,4765
3049,4766
1797,4767
6715,4768
5026,4769
4952,4770
9356,4771
8852,4772
8980,4773
6090,4774
5109,4775
5554,4776
1683,4777
9243,4778
5991,4779
5102,4780
8752,4781
1098,4782
1053,4783
3726,4784
5703,4785
5012,4786
3393,4787
5347,4788
9531,4789
5076,4790
7132,4791
3370,4792
2943,4793
1943,4794
2858,4795
2062,4796
6482,4797
4501,4798
2523,4799
4338,4800
5245,4801
3247,4802
8005,4803
7059,4804
9481,4805
6627,4806
1384,4807
2274,4808
7196,4809
4447,4810
6761,4811
3972,4812
3188,4813
3103,4814
3076,4815
3713,4816
9074,4817
5273,4818
6886,4819
5931,4820
7383,4821
6895,4822
3706,4823
4439,4824
3435,4825
8916,4826
4885,4827
1456,4828
3799,4829
5163,4830
2629,4831
9558,4832
1991,4833
2305,4834
5478,4835
4880,4836
8131,4837
6831,4838
8094,4839
2243,4840
9384,4841
4307,4842
9505,4843
9680,4844
6616,4845
4023,4846
1626,4847
3667,4848
5812,4849
2558,4850
3733,4851
4659,4852
9048,4853
8402,4854
7261,4855
7548,4856
4372,4857
4504,4858
4288,4859
9942,4860
9177,4861
1788,4862
7699,4863
5995,4864
4890,4865
1025,4866
6174,4867
4068,4868
3914,4869
8325,4870
1606,4871
1970,4872
4768,4873
3986,4874
9123,4875
9782,4876
7534,4877
6766,4878
6496,4879
5922,4880
3359,4881
3496,4882
1382,4883
1562,4884
8948,4885
1888,4886
6250,4887
9605,4888
6039,4889
7856,4890
6351,4891
1651,4892
9394,4893
7491,4894
3831,4895
6071,4896
6529,4897
4113,4898
3124,4899
8823,4900
7658,4901
9426,4902
9169,4903
7980,4904
9703,4905
1887,4906
8569,4907
2791,4908
1230,4909
1864,4910
8771,4911
3593,4912
4240,4913
5198,4914
9053,4915
7476,4916
9457,4917
7300,4918
3362,4919
3554,4920
9943,4921
9678,4922
1448,4923
5778,4924
2036,4925
9362,4926
2808,4927
5662,4928
3638,4929
8770,4930
6344,4931
2114,4932
7180,4933
7846,4934
6576,4935
7018,4936
4692,4937
9182,4938
5222,4939
3727,4940
5183,4941
7573,4942
4829,4943
1881,4944
1746,4945
2748,4946
3192,4947
1995,4948
2417,4949
2724,4950
8605,4951
2840,4952
6848,4953
6409,4954
7936,4955
4403,4956
5617,4957
5943,4958
4431,4959
9282,4960
6600,4961
1979,4962
5413,4963
7948,4964
5007,4965
3563,4966
3032,4967
3025,4968
4232,4969
8277,4970
2488,4971
1528,4972
6141,4973
3816,4974
1446,4975
2812,4976
3838,4977
6292,4978
5146,4979
6601,4980
5137,4981
3138,4982
6204,4983
7223,4984
3889,4985
6211,4986
8182,4987
5190,4988
2469,4989
9308,4990
2177,4991
8862,4992
4830,4993
8527,4994
6969,4995
8564,4996
3616,4997
1315,4998
5311,4999
2570,5000
2192,5001
8652,5002
1147,5003
9232,5004
5887,5005
8881,5006
8370,5007
3255,5008
4606,5009
9581,5010
8938,5011
8501,5012
7752,5013
4958,5014
7460,5015
5535,5016
1144,5017
9879,5018
9886,5019
1696,5020
1612,5021
3549,5022
9272,5023
8327,5024
9627,5025
2547,5026
1761,5027
3028,5028
3870,5029
3440,5030
3527,5031
9696,5032
5702,5033
2657,5034
9261,5035
7545,5036
2967,5037
7725,5038
5708,5039
5618,5040
9173,5041
5003,5042
7088,5043
7292,5044
6712,5045
1308,5046
8235,5047
2410,5048
4669,5049
8750,5050
4054,5051
3701,5052
3261,5053
4945,5054
5924,5055
9976,5056
5816,5057
8827,5058
6013,5059
8600,5060
4509,5061
1110,5062
2247,5063
6121,5064
4726,5065
3442,5066
1640,5067
3811,5068
4874,5069
6110,5070
2266,5071
5186,5072
9026,5073
7935,5074
6767,5075
3681,5076
7163,5077
3277,5078
9076,5079
7087,5080
9598,5081
1217,5082
4025,5083
2442,5084
5463,5085
3702,5086
1920,5087
6947,5088
5581,5089
4200,5090
8350,5091
8415,5092
1798,5093
9729,5094
6862,5095
8832,5096
6639,5097
7679,5098
9855,5099
7507,5100
5023,5101
6412,5102
4933,5103
4473,5104
3506,5105
9747,5106
8331,5107
4621,5108
2591,5109
9544,5110
2977,5111
2005,5112
8354,5113
1385,5114
6043,5115
8017,5116
4641,5117
4814,5118
1954,5119
6897,5120
3186,5121
8433,5122
9695,5123
9222,5124
4856,5125
3900,5126
5600,5127
1309,5128
6214,5129
7277,5130
4710,5131
1630,5132
3490,5133
2123,5134
1387,5135
2983,5136
2590,5137
1815,5138
7130,5139
6800,5140
2559,5141
3757,5142
1094,5143
3075,5144
7482,5145
5154,5146
9739,5147
5104,5148
1319,5149
5926,5150
5268,5151
3045,5152
3550,5153
8471,5154
6856,5155
5027,5156
9646,5157
1701,5158
5805,5159
6958,5160
2664,5161
3898,5162
8289,5163
4454,5164
2632,5165
1328,5166
3912,5167
7853,5168
4369,5169
8748,5170
3673,5171
1946,5172
9040,5173
1768,5174
4647,5175
9552,5176
6650,5177
6088,5178
1278,5179
6200,5180
3109,5181
6890,5182
6606,5183
3491,5184
9573,5185
6835,5186
3968,5187
6376,5188
4755,5189
4127,5190
5351,5191
5732,5192
4253,5193
7097,5194
1460,5195
2623,5196
8863,5197
6885,5198
5783,5199
3861,5200
7199,5201
6789,5202
2207,5203
7593,5204
5101,5205
7488,5206
3091,5207
1513,5208
7536,5209
2115,5210
6902,5211
7707,5212
6845,5213
7821,5214
4915,5215
2000,5216
2316,5217
4229,5218
7745,5219
9864,5220
8484,5221
3163,5222
9301,5223
8264,5224
2088,5225
8525,5226
9548,5227
3661,5228
4197,5229
1989,5230
2349,5231
7414,5232
9727,5233
8713,5234
4214,5235
6439,5236
6199,5237
7680,5238
4209,5239
4112,5240
2644,5241
4212,5242
5565,5243
2726,5244
6801,5245
6159,5246
8703,5247
5810,5248
9801,5249
2030,5250
6475,5251
5034,5252
4080,5253
4437,5254
5221,5255
6016,5256
3022,5257
9070,5258
3088,5259
9455,5260
3173,5261
9385,5262
9809,5263
3973,5264
9847,5265
3531,5266
7760,5267
4411,5268
8234,5269
6786,5270
5248,5271
4220,5272
1802,5273
9722,5274
1615,5275
7799,5276
7066,5277
6678,5278
7587,5279
8011,5280
5206,5281
5588,5282
2672,5283
8632,5284
7781,5285
2781,5286
1559,5287
7160,5288
4039,5289
3133,5290
2958,5291
1262,5292
2303,5293
9681,5294
5631,5295
4698,5296
8422,5297
9068,5298
1016,5299
9562,5300
7756,5301
3483,5302
8225,5303
8830,5304
6526,5305
4847,5306
9150,5307
5596,5308
9245,5309
6720,5310
5167,5311
9669,5312
7795,5313
6931,5314
3795,5315
9745,5316
6434,5317
1241,5318
7931,5319
7901,5320
6091,5321
1022,5322
2371,5323
9444,5324
1807,5325
9871,5326
9391,5327
7739,5328
1618,5329
7301,5330
2961,5331
3994,5332
9949,5333
3316,5334
8667,5335
2593,5336
2582,5337
4434,5338
2042,5339
6732,5340
3351,5341
9361,5342
4354,5343
1590,5344
6878,5345
6541,5346
8801,5347
1739,5348
4414,5349
1650,5350
2492,5351
8787,5352
9269,5353
7031,5354
7551,5355
3969,5356
2935,5357
5279,5358
7409,5359
8374,5360
9545,5361
2100,5362
3432,5363
8803,5364
4518,5365
8407,5366
7998,5367
4328,5368
9244,5369
1658,5370
8175,5371
9253,5372
4331,5373
8262,5374
9012,5375
9137,5376
6545,5377
3368,5378
8843,5379
7022,5380
4070,5381
6139,5382
3475,5383
2720,5384
2477,5385
6156,5386
9950,5387
7977,5388
8446,5389
3169,5390
7008,5391
9926,5392
1159,5393
4966,5394
4379,5395
7709,5396
9888,5397
5416,5398
9756,5399
7189,5400
1553,5401
2222,5402
2099,5403
9780,5404
3886,5405
7391,5406
3589,5407
5646,5408
4295,5409
3289,5410
7920,5411
1079,5412
9630,5413
1264,5414
9212,5415
2439,5416
8450,5417
4313,5418
5772,5419
6271,5420
7604,5421
6491,5422
2436,5423
5894,5424
9653,5425
5683,5426
1535,5427
8041,5428
2355,5429
2929,5430
6431,5431
2601,5432
3669,5433
9157,5434
3826,5435
6336,5436
9359,5437
9338,5438
8040,5439
7104,5440
4843,5441
1404,5442
4950,5443
7184,5444
1471,5445
4678,5446
5942,5447
1827,5448
1290,5449
2148,5450
8885,5451
2133,5452
9103,5453
4954,5454
7641,5455
6116,5456
3662,5457
5875,5458
1353,5459
1737,5460
6615,5461
3092,5462
7455,5463
4512,5464
1018,5465
9304,5466
3503,5467
8059,5468
4344,5469
1052,5470
2166,5471
9906,5472
4107,5473
3318,5474
1168,5475
1587,5476
6617,5477
2879,5478
9458,5479
2811,5480
2011,5481
7118,5482
6290,5483
4001,5484
1149,5485
5974,5486
5348,5487
4681,5488
1764,5489
8644,5490
7139,5491
1824,5492
3001,5493
7624,5494
9464,5495
3353,5496
9438,5497
3438,5498
5261,5499
5296,5500
5652,5501
7642,5502
4955,5503
2125,5504
7769,5505
3265,5506
2395,5507
2782,5508
7997,5509
4188,5510
1681,5511
2056,5512
2081,5513
5430,5514
8209,5515
5113,5516
2925,5517
5609,5518
2595,5519
6844,5520
7405,5521
8441,5522
3783,5523
7379,5524
2914,5525
7813,5526
1789,5527
9827,5528
7225,5529
3526,5530
3926,5531
5451,5532
2901,5533
1945,5534
7275,5535
2972,5536
4703,5537
6580,5538
4358,5539
7461,5540
9478,5541
7598,5542
9266,5543
6221,5544
6227,5545
7874,5546
6815,5547
1285,5548
7187,5549
2248,5550
9099,5551
3114,5552
7224,5553
5352,5554
1333,5555
5176,5556
7325,5557
5919,5558
6138,5559
3915,5560
1000,5561
6744,5562
9470,5563
4639,5564
8256,5565
7483,5566
3703,5567
2357,5568
4170,5569
8636,5570
3756,5571
7402,5572
9761,5573
2267,5574
9491,5575
7732,5576
7361,5577
2049,5578
8781,5579
6243,5580
7603,5581
1804,5582
7972,5583
4071,5584
9001,5585
9612,5586
4580,5587
4771,5588
5813,5589
2018,5590
8933,5591
2622,5592
1757,5593
2790,5594
4596,5595
7544,5596
3840,5597
2181,5598
2331,5599
9303,5600
9677,5601
4432,5602
1738,5603
3869,5604
4625,5605
4042,5606
7864,5607
9484,5608
5388,5609
5046,5610
4198,5611
5359,5612
1350,5613
7078,5614
6849,5615
1209,5616
7137,5617
4901,5618
1787,5619
7891,5620
6867,5621
4347,5622
6695,5623
7802,5624
6522,5625
2171,5626
9957,5627
4914,5628
4211,5629
3056,5630
4862,5631
5259,5632
8993,5633
7847,5634
8962,5635
6509,5636
7789,5637
2891,5638
7485,5639
4655,5640
1541,5641
2923,5642
7049,5643
8353,5644
8971,5645
4970,5646
5514,5647
1338,5648
5193,5649
5615,5650
9539,5651
7233,5652
5231,5653
8559,5654
9021,5655
7140,5656
4305,5657
1643,5658
8778,5659
8307,5660
3441,5661
4011,5662
7403,5663
1823,5664
2691,5665
4131,5666
6951,5667
2903,5668
9285,5669
1886,5670
8055,5671
6288,5672
7266,5673
3470,5674
7778,5675
9734,5676
3478,5677
8625,5678
6134,5679
9427,5680
2549,5681
6109,5682
5067,5683
6040,5684
5508,5685
3253,5686
9005,5687
9632,5688
5914,5689
9402,5690
1335,5691
3142,5692
3704,5693
7571,5694
8736,5695
9019,5696
8365,5697
6984,5698
5356,5699
9388,5700
9340,5701
5730,5702
7427,5703
8457,5704
2291,5705
5412,5706
1573,5707
5215,5708
6596,5709
8755,5710
2378,5711
9144,5712
5853,5713
7939,5714
6117,5715
4872,5716
4044,5717
1332,5718
6032,5719
9187,5720
4815,5721
4261,5722
2571,5723
2779,5724
2730,5725
8734,5726
4906,5727
5528,5728
8709,5729
5225,5730
5726,5731
7630,5732
8842,5733
7423,5734
1914,5735
1682,5736
8363,5737
1388,5738
5769,5739
2387,5740
4167,5741
9502,5742
8711,5743
8651,5744
6741,5745
5156,5746
7176,5747
2421,5748
2107,5749
8399,5750
4276,5751
8865,5752
4964,5753
5476,5754
5160,5755
1009,5756
6679,5757
1540,5758
6773,5759
3185,5760
7101,5761
7878,5762
9715,5763
2894,5764
1948,5765
4857,5766
1411,5767
1371,5768
7776,5769
7982,5770
6838,5771
3796,5772
2304,5773
7109,5774
5582,5775
8396,5776
2738,5777
9800,5778
3202,5779
2739,5780
2106,5781
1470,5782
1060,5783
3071,5784
1555,5785
1685,5786
8947,5787
9332,5788
6024,5789
1745,5790
8678,5791
7830,5792
8986,5793
1301,5794
3473,5795
4571,5796
1255,5797
3518,5798
8583,5799
3927,5800
9080,5801
3278,5802
2027,5803
3406,5804
3857,5805
8263,5806
7572,5807
7071,5808
9699,5809
5142,5810
5677,5811
9447,5812
7546,5813
3199,5814
1822,5815
2643,5816
7039,5817
9471,5818
7899,5819
2655,5820
2183,5821
8677,5822
4067,5823
4578,5824
5818,5825
7871,5826
2135,5827
1780,5828
8056,5829
2982,5830
6244,5831
8763,5832
2119,5833
6792,5834
7143,5835
6837,5836
4368,5837
5533,5838
2351,5839
9758,5840
4547,5841
3343,5842
1936,5843
7014,5844
2957,5845
4842,5846
6357,5847
1699,5848
5078,5849
9769,5850
7457,5851
6896,5852
7748,5853
7159,5854
9466,5855
4595,5856
8122,5857
7028,5858
6824,5859
7731,5860
9738,5861
6887,5862
8499,5863
4513,5864
8392,5865
5021,5866
2697,5867
9300,5868
9904,5869
5839,5870
8702,5871
6745,5872
3557,5873
6217,5874
3183,5875
9701,5876
2271,5877
5739,5878
2196,5879
7060,5880
3598,5881
1036,5882
1176,5883
4290,5884
2855,5885
5335,5886
9875,5887
9741,5888
5322,5889
4298,5890
8042,5891
5804,5892
2873,5893
8211,5894
7319,5895
8496,5896
5749,5897
2265,5898
7203,5899
9136,5900
2682,5901
9087,5902
1056,5903
6978,5904
1763,5905
3426,5906
5360,5907
8902,5908
6342,5909
5561,5910
2802,5911
6153,5912
8127,5913
9419,5914
4585,5915
4772,5916
9214,5917
1521,5918
8681,5919
7166,5920
1334,5921
9687,5922
2542,5923
3841,5924
4483,5925
5060,5926
9309,5927
7043,5928
2636,5929
1669,5930
5498,5931
3559,5932
9840,5933
4123,5934
6768,5935
4002,5936
3874,5937
1983,5938
4055,5939
6145,5940
6310,5941
3677,5942
5214,5943
4336,5944
2896,5945
5710,5946
9575,5947
9694,5948
5459,5949
5251,5950
9084,5951
5399,5952
7175,5953
8981,5954
7975,5955
7254,5956
9986,5957
2785,5958
4022,5959
9009,5960
6182,5961
9086,5962
9857,5963
4208,5964
1481,5965
3515,5966
7592,5967
4811,5968
2487,5969
9618,5970
6782,5971
8853,5972
6315,5973
5641,5974
6123,5975
1978,5976
9305,5977
9541,5978
3468,5979
2921,5980
5668,5981
8435,5982
4171,5983
4716,5984
7713,5985
5623,5986
9085,5987
9910,5988
4090,5989
2289,5990
5100,5991
8326,5992
2915,5993
6354,5994
8545,5995
9041,5996
3296,5997
9434,5998
7050,5999
2540,6000
6309,6001
8267,6002
3317,6003
6457,6004
2474,6005
6628,6006
4078,6007
2372,6008
1001,6009
6586,6010
2399,6011
7798,6012
3584,6013
7919,6014
2360,6015
5849,6016
9763,6017
8656,6018
6916,6019
4405,6020
7582,6021
1277,6022
6396,6023
7842,6024
5361,6025
1146,6026
1137,6027
6435,6028
9854,6029
9239,6030
5482,6031
5882,6032
7271,6033
7512,6034
3512,6035
6445,6036
4375,6037
1364,6038
5848,6039
8806,6040
6369,6041
8690,6042
4927,6043
4145,6044
2095,6045
5238,6046
6537,6047
5425,6048
3668,6049
9111,6050
7155,6051
3698,6052
9448,6053
5537,6054
3284,6055
4598,6056
2942,6057
2625,6058
1718,6059
9578,6060
5929,6061
5107,6062
4994,6063
3366,6064
9849,6065
2875,6066
9172,6067
7788,6068
9292,6069
5095,6070
4278,6071
6525,6072
1775,6073
4178,6074
9046,6075
6492,6076
9078,6077
7311,6078
3618,6079
2040,6080
4412,6081
5195,6082
5382,6083
6903,6084
1399,6085
2771,6086
4929,6087
9128,6088
8287,6089
9107,6090
3952,6091
8482,6092
4699,6093
4599,6094
2818,6095
3891,6096
1396,6097
9776,6098
3084,6099
1418,6100
5567,6101
1635,6102
4991,6103
4156,6104
3903,6105
1916,6106
6059,6107
8637,6108
8002,6109
9130,6110
4720,6111
2918,6112
5720,6113
6389,6114
6965,6115
7122,6116
8549,6117
5717,6118
5124,6119
4031,6120
2198,6121
8943,6122
3282,6123
5665,6124
6575,6125
8543,6126
3822,6127
1549,6128
8483,6129
5584,6130
1467,6131
7161,6132
3274,6133
6578,6134
4367,6135
3098,6136
2186,6137
8203,6138
1909,6139
6414,6140
2083,6141
8620,6142
6406,6143
7157,6144
2865,6145
3079,6146
6008,6147
2418,6148
7681,6149
3128,6150
5330,6151
5993,6152
4327,6153
3250,6154
6872,6155
4649,6156
4063,6157
8385,6158
7195,6159
8308,6160
4714,6161
3645,6162
5460,6163
7326,6164
2804,6165
8872,6166
9276,6167
8241,6168
9181,6169
8663,6170
3003,6171
3055,6172
8517,6173
9296,6174
3068,6175
5755,6176
6666,6177
7969,6178
2070,6179
2670,6180
1181,6181
4110,6182
1679,6183
9242,6184
8959,6185
4522,6186
4462,6187
9407,6188
8542,6189
5325,6190
3358,6191
6390,6192
4120,6193
2685,6194
2686,6195
3408,6196
3413,6197
5421,6198
7170,6199
7815,6200
5688,6201
2979,6202
1360,6203
6348,6204
6489,6205
2362,6206
3540,6207
5837,6208
4426,6209
1556,6210
7219,6211
4273,6212
1547,6213
1492,6214
9841,6215
2784,6216
8617,6217
9120,6218
6511,6219
7835,6220
5990,6221
1023,6222
2392,6223
4818,6224
2969,6225
3036,6226
2232,6227
9566,6228
4289,6229
2160,6230
2838,6231
4507,6232
3205,6233
5830,6234
7424,6235
7553,6236
8102,6237
5240,6238
4743,6239
3938,6240
1591,6241
5130,6242
8523,6243
6949,6244
1845,6245
7924,6246
8338,6247
1514,6248
5952,6249
1817,6250
4796,6251
3577,6252
1744,6253
5734,6254
7837,6255
6352,6256
6005,6257
2912,6258
4487,6259
4546,6260
2783,6261
4833,6262
6962,6263
8053,6264
3123,6265
1078,6266
2427,6267
6671,6268
3147,6269
9483,6270
9179,6271
2583,6272
3337,6273
1215,6274
5434,6275
1128,6276
1940,6277
4586,6278
6788,6279
5131,6280
9550,6281
5040,6282
2117,6283
3391,6284
3884,6285
9874,6286
3626,6287
6196,6288
7120,6289
8706,6290
6029,6291
2604,6292
2737,6293
1678,6294
9138,6295
7771,6296
2934,6297
1195,6298
5700,6299
2223,6300
6826,6301
6057,6302
7515,6303
5764,6304
7554,6305
6114,6306
1359,6307
4733,6308
6528,6309
1773,6310
6587,6311
8273,6312
1061,6313
8226,6314
5632,6315
7828,6316
1649,6317
8825,6318
5526,6319
4423,6320
1694,6321
5147,6322
5740,6323
4455,6324
9916,6325
3350,6326
7581,6327
2224,6328
8893,6329
2576,6330
2980,6331
8653,6332
3143,6333
5847,6334
2984,6335
7978,6336
2463,6337
2227,6338
3714,6339
7504,6340
8000,6341
4183,6342
8476,6343
7302,6344
1857,6345
1313,6346
2497,6347
7091,6348
1256,6349
4883,6350
2195,6351
5817,6352
5143,6353
2805,6354
5622,6355
7591,6356
3304,6357
8819,6358
1705,6359
1193,6360
8913,6361
2960,6362
8936,6363
9807,6364
2037,6365
2824,6366
1602,6367
8572,6368
8252,6369
5341,6370
8246,6371
8007,6372
9848,6373
8088,6374
1840,6375
3208,6376
6069,6377
5376,6378
1169,6379
7239,6380
8743,6381
7645,6382
1527,6383
3605,6384
6974,6385
2844,6386
7070,6387
1564,6388
7763,6389
5939,6390
5750,6391
2430,6392
4297,6393
2016,6394
6229,6395
3479,6396
6132,6397
9029,6398
2897,6399
2242,6400
8490,6401
1348,6402
1502,6403
1885,6404
9286,6405
9644,6406
4301,6407
1219,6408
5274,6409
7100,6410
4180,6411
5485,6412
3722,6413
7888,6414
8888,6415
5958,6416
8125,6417
8955,6418
9938,6419
4792,6420
1441,6421
3021,6422
8473,6423
2127,6424
8231,6425
8295,6426
3394,6427
7686,6428
9890,6429
6516,6430
6499,6431
8062,6432
3943,6433
9486,6434
9994,6435
3942,6436
4650,6437
9424,6438
5860,6439
7793,6440
2132,6441
2885,6442
8153,6443
4887,6444
2429,6445
3082,6446
2703,6447
6707,6448
6873,6449
4761,6450
6018,6451
9931,6452
1064,6453
2717,6454
9704,6455
4475,6456
6321,6457
3800,6458
3634,6459
9912,6460
3562,6461
8909,6462
5937,6463
2754,6464
6620,6465
8814,6466
4905,6467
3710,6468
3065,6469
4293,6470
6260,6471
4045,6472
8494,6473
6161,6474
7693,6475
6651,6476
7276,6477
5559,6478
9018,6479
2988,6480
9033,6481
9651,6482
8034,6483
9602,6484
9873,6485
2952,6486
8013,6487
8390,6488
5373,6489
6530,6490
7213,6491
7119,6492
5982,6493
2168,6494
3014,6495
7400,6496
6694,6497
6589,6498
2759,6499
9197,6500
6210,6501
9830,6502
5811,6503
2520,6504
9804,6505
5657,6506
1854,6507
7758,6508
4612,6509
9376,6510
3232,6511
1633,6512
6621,6513
2586,6514
7721,6515
2932,6516
3960,6517
2478,6518
9477,6519
2806,6520
7291,6521
6592,6522
8834,6523
9951,6524
7085,6525
4869,6526
5087,6527
7154,6528
7164,6529
7909,6530
2661,6531
9660,6532
5598,6533
6150,6534
6034,6535
6105,6536
3708,6537
5337,6538
1734,6539
7466,6540
9057,6541
8409,6542
4732,6543
5442,6544
8937,6545
5649,6546
1856,6547
7755,6548
4870,6549
8995,6550
2734,6551
8006,6552
3389,6553
3975,6554
3967,6555
8539,6556
7083,6557
3539,6558
7892,6559
4767,6560
3390,6561
9586,6562
4619,6563
5566,6564
9404,6565
2970,6566
6972,6567
4788,6568
7714,6569
6420,6570
8676,6571
6688,6572
5344,6573
1004,6574
8985,6575
6478,6576
4046,6577
2652,6578
8238,6579
8186,6580
1027,6581
6946,6582
3039,6583
4497,6584
4383,6585
2890,6586
8328,6587
2188,6588
9166,6589
1468,6590
7329,6591
2922,6592
6693,6593
4961,6594
4086,6595
2256,6596
7232,6597
3699,6598
3743,6599
6237,6600
7471,6601
4620,6602
2129,6603
6858,6604
4635,6605
6044,6606
3181,6607
4579,6608
2175,6609
6544,6610
3172,6611
9656,6612
2642,6613
2230,6614
6045,6615
1158,6616
4148,6617
8196,6618
4687,6619
7468,6620
3990,6621
3214,6622
9611,6623
8660,6624
7435,6625
6247,6626
1825,6627
9900,6628
8901,6629
5704,6630
5445,6631
6157,6632
8729,6633
7611,6634
9616,6635
5594,6636
7643,6637
9171,6638
8574,6639
9287,6640
3692,6641
9861,6642
4784,6643
3263,6644
7974,6645
6995,6646
5903,6647
1993,6648
9556,6649
8026,6650
4500,6651
2014,6652
2687,6653
2507,6654
2908,6655
1035,6656
2180,6657
7297,6658
2906,6659
7607,6660
1133,6661
7110,6662
3888,6663
7241,6664
6130,6665
9668,6666
4594,6667
9760,6668
4093,6669
8447,6670
7706,6671
1114,6672
6968,6673
9576,6674
3015,6675
2158,6676
5693,6677
9249,6678
8373,6679
9224,6680
4441,6681
4003,6682
7249,6683
8969,6684
4038,6685
7177,6686
7344,6687
2546,6688
5573,6689
8035,6690
7290,6691
9563,6692
8222,6693
6364,6694
2007,6695
4789,6696
9453,6697
8835,6698
2585,6699
7303,6700
6960,6701
4435,6702
2801,6703
9008,6704
4118,6705
4807,6706
7030,6707
2405,6708
7006,6709
3434,6710
4098,6711
5983,6712
8279,6713
1511,6714
9816,6715
6810,6716
7126,6717
4230,6718
2039,6719
8458,6720
5905,6721
3097,6722
3843,6723
8642,6724
8047,6725
8914,6726
8925,6727
8721,6728
5672,6729
8607,6730
8907,6731
2552,6732
5546,6733
4196,6734
8546,6735
6812,6736
9246,6737
6568,6738
7411,6739
4924,6740
1361,6741
9063,6742
6294,6743
9990,6744
9929,6745
7009,6746
3934,6747
1902,6748
7484,6749
7585,6750
6350,6751
3465,6752
5481,6753
3412,6754
7242,6755
4799,6756
1070,6757
5383,6758
8168,6759
3583,6760
7911,6761
2147,6762
3038,6763
3697,6764
6518,6765
7838,6766
3895,6767
8601,6768
4808,6769
3606,6770
5346,6771
1240,6772
9577,6773
4912,6774
7341,6775
4592,6776
1499,6777
2640,6778
8593,6779
8421,6780
6646,6781
5153,6782
7113,6783
5396,6784
3267,6785
1074,6786
5327,6787
3012,6788
4705,6789
2299,6790
6985,6791
2877,6792
8029,6793
4111,6794
8687,6795
1831,6796
3732,6797
7764,6798
7711,6799
3175,6800
7012,6801
3988,6802
8846,6803
2732,6804
5984,6805
9147,6806
9557,6807
8254,6808
8807,6809
6089,6810
9360,6811
6781,6812
9337,6813
8003,6814
1891,6815
6928,6816
3735,6817
4708,6818
4604,6819
9508,6820
3081,6821
9814,6822
9954,6823
8137,6824
7436,6825
9553,6826
2971,6827
4311,6828
9113,6829
3660,6830
1732,6831
1317,6832
2366,6833
6225,6834
9963,6835
9135,6836
1091,6837
6670,6838
4076,6839
6285,6840
5876,6841
6708,6842
1304,6843
1847,6844
8581,6845
7622,6846
5020,6847
8032,6848
5202,6849
6570,6850
3817,6851
4243,6852
1598,6853
2174,6854
7001,6855
2346,6856
6911,6857
3675,6858
6638,6859
8497,6860
3486,6861
5774,6862
8195,6863
2999,6864
9344,6865
8616,6866
8107,6867
9517,6868
8299,6869
5171,6870
6877,6871
2902,6872
7944,6873
8626,6874
6497,6875
7576,6876
9367,6877
9560,6878
5901,6879
7313,6880
5930,6881
6914,6882
4053,6883
2221,6884
1851,6885
2816,6886
6173,6887
8130,6888
3944,6889
5779,6890
3803,6891
7968,6892
2594,6893
3005,6894
9088,6895
5079,6896
9643,6897
8340,6898
3312,6899
6256,6900
3929,6901
3734,6902
6618,6903
6494,6904
1510,6905
1008,6906
2035,6907
8428,6908
4848,6909
5155,6910
7964,6911
1014,6912
2260,6913
5363,6914
3797,6915
9846,6916
7138,6917
2253,6918
4465,6919
8606,6920
6629,6921
8611,6922
9831,6923
2215,6924
4816,6925
6100,6926
5612,6927
2496,6928
3946,6929
3907,6930
9383,6931
1876,6932
9593,6933
8348,6934
8309,6935
6335,6936
1934,6937
9410,6938
2565,6939
8077,6940
8688,6941
6747,6942
6021,6943
1231,6944
6356,6945
2086,6946
2210,6947
2471,6948
1560,6949
4932,6950
6971,6951
1544,6952
2792,6953
6823,6954
6920,6955
7080,6956
8312,6957
8296,6958
1819,6959
1973,6960
2287,6961
1956,6962
9164,6963
9772,6964
4802,6965
9894,6966
1072,6967
5619,6968
7993,6969
3165,6970
2409,6971
4419,6972
5483,6973
4242,6974
2205,6975
3502,6976
7172,6977
5136,6978
4308,6979
8726,6980
5868,6981
8069,6982
5129,6983
4637,6984
6101,6985
9095,6986
6232,6987
2550,6988
5536,6989
6282,6990
8749,6991
1572,6992
5885,6993
5715,6994
7505,6995
4495,6996
7490,6997
7092,6998
9633,6999
2751,7000
1269,7001
4790,7002
1818,7003
4323,7004
3632,7005
8063,7006
7779,7007
8061,7008
1821,7009
7656,7010
6003,7011
8976,7012
3251,7013
4921,7014
7179,7015
4695,7016
5912,7017
2384,7018
8389,7019
8645,7020
8230,7021
6699,7022
2868,7023
7640,7024
1345,7025
8950,7026
5917,7027
1756,7028
2786,7029
5601,7030
8604,7031
6050,7032
5671,7033
5902,7034
5194,7035
3217,7036
1546,7037
3449,7038
8510,7039
3485,7040
9719,7041
9498,7042
7105,7043
5542,7044
3933,7045
4565,7046
2514,7047
2848,7048
1784,7049
5857,7050
5771,7051
3158,7052
4672,7053
6945,7054
3110,7055
1386,7056
9236,7057
3954,7058
4317,7059
1167,7060
6001,7061
4373,7062
3333,7063
8673,7064
3770,7065
8434,7066
4624,7067
2489,7068
4203,7069
5664,7070
2707,7071
2137,7072
7586,7073
1493,7074
8540,7075
2554,7076
4406,7077
3270,7078
4092,7079
7075,7080
8623,7081
3847,7082
7560,7083
9880,7084
7434,7085
4877,7086
2598,7087
7895,7088
3655,7089
5610,7090
2432,7091
1641,7092
4742,7093
3476,7094
4125,7095
8282,7096
8524,7097
6573,7098
6904,7099
9992,7100
2343,7101
8281,7102
2306,7103
1642,7104
1647,7105
6056,7106
1672,7107
3560,7108
4097,7109
6265,7110
6189,7111
6444,7112
8906,7113
7621,7114
1401,7115
8855,7116
7883,7117
2094,7118
7817,7119
4056,7120
1486,7121
6591,7122
1450,7123
5807,7124
7265,7125
6696,7126
6274,7127
3189,7128
8336,7129
2337,7130
5057,7131
5670,7132
5025,7133
5300,7134
7602,7135
7698,7136
4664,7137
1373,7138
1306,7139
6255,7140
5760,7141
5562,7142
9351,7143
3346,7144
2367,7145
5429,7146
4370,7147
2832,7148
3240,7149
3159,7150
2172,7151
8001,7152
2379,7153
2630,7154
3594,7155
5587,7156
5856,7157
9899,7158
3074,7159
5934,7160
9726,7161
5874,7162
1161,7163
4100,7164
1397,7165
9567,7166
8384,7167
6099,7168
6963,7169
6809,7170
9072,7171
5767,7172
7684,7173
5099,7174
1706,7175
1011,7176
3685,7177
5713,7178
4610,7179
5303,7180
8098,7181
7555,7182
7487,7183
2913,7184
4213,7185
5028,7186
4908,7187
9017,7188
3377,7189
8935,7190
4404,7191
8485,7192
6652,7193
2453,7194
1869,7195
8717,7196
8084,7197
4485,7198
1477,7199
7549,7200
3382,7201
5590,7202
6007,7203
7354,7204
4831,7205
9574,7206
5963,7207
9863,7208
7996,7209
6424,7210
8039,7211
2888,7212
7517,7213
9705,7214
2402,7215
4249,7216
4008,7217
6675,7218
3354,7219
1340,7220
9837,7221
4252,7222
2054,7223
5077,7224
1086,7225
6841,7226
8292,7227
4451,7228
5682,7229
7498,7230
2606,7231
1489,7232
9015,7233
2089,7234
3566,7235
5123,7236
6068,7237
1346,7238
3116,7239
9089,7240
3489,7241
4978,7242
6717,7243
9529,7244
9357,7245
6450,7246
4786,7247
8973,7248
7649,7249
1232,7250
9882,7251
6883,7252
7857,7253
2064,7254
8567,7255
8864,7256
7829,7257
1310,7258
2705,7259
1531,7260
9785,7261
8929,7262
7574,7263
9071,7264
2684,7265
4390,7266
4159,7267
8300,7268
4764,7269
4661,7270
8589,7271
7674,7272
4087,7273
5499,7274
1214,7275
3902,7276
1272,7277
1782,7278
8633,7279
7020,7280
8968,7281
1675,7282
3992,7283
1488,7284
2272,7285
2653,7286
1225,7287
7058,7288
5785,7289
4859,7290
4589,7291
6519,7292
8151,7293
9735,7294
8800,7295
6377,7296
2830,7297
6151,7298
1568,7299
3867,7300
9937,7301
2284,7302
6501,7303
5864,7304
9824,7305
2677,7306
3771,7307
1122,7308
7495,7309
3004,7310
5295,7311
4514,7312
1597,7313
8956,7314
7929,7315
1770,7316
6704,7317
5187,7318
1506,7319
6079,7320
5988,7321
7595,7322
6432,7323
3782,7324
2092,7325
4529,7326
1515,7327
3825,7328
2872,7329
1613,7330
4353,7331
4394,7332
3877,7333
1438,7334
5962,7335
7339,7336
9334,7337
3788,7338
8686,7339
8858,7340
4812,7341
1933,7342
2264,7343
6604,7344
4545,7345
2167,7346
2985,7347
5424,7348
6493,7349
8141,7350
7481,7351
5286,7352
6220,7353
8926,7354
1151,7355
5893,7356
4551,7357
2201,7358
6311,7359
3062,7360
9623,7361
1769,7362
4982,7363
2414,7364
6703,7365
9920,7366
3723,7367
8468,7368
1143,7369
9637,7370
9600,7371
5563,7372
7866,7373
3145,7374
1723,7375
6966,7376
7269,7377
5443,7378
2807,7379
4794,7380
1357,7381
9016,7382
8684,7383
6483,7384
9469,7385
8477,7386
9174,7387
1378,7388
9698,7389
2173,7390
2458,7391
6821,7392
5294,7393
6009,7394
2947,7395
3890,7396
1812,7397
7419,7398
1865,7399
7811,7400
6328,7401
5369,7402
5825,7403
7873,7404
3786,7405
2528,7406
4026,7407
7768,7408
4813,7409
6322,7410
7376,7411
1792,7412
1781,7413
8286,7414
9439,7415
6305,7416
1595,7417
4556,7418
4871,7419
1496,7420
8411,7421
1174,7422
7780,7423
4218,7424
7575,7425
7860,7426
5204,7427
7106,7428
4864,7429
3011,7430
3323,7431
4228,7432
1999,7433
2637,7434
3425,7435
5529,7436
6019,7437
8193,7438
5555,7439
2136,7440
5699,7441
7048,7442
7839,7443
8696,7444
6231,7445
7147,7446
5313,7447
5281,7448
7373,7449
2975,7450
6852,7451
6566,7452
4126,7453
3254,7454
2948,7455
5989,7456
2368,7457
1092,7458
8099,7459
5727,7460
5223,7461
4153,7462
2895,7463
2450,7464
6332,7465
5235,7466
4671,7467
6550,7468
8223,7469
4247,7470
5518,7471
3302,7472
5844,7473
2464,7474
4150,7475
8965,7476
7027,7477
5979,7478
1980,7479
3561,7480
4953,7481
6113,7482
1243,7483
1996,7484
9953,7485
2307,7486
3259,7487
4965,7488
1020,7489
1539,7490
5468,7491
7992,7492
9363,7493
2388,7494
8174,7495
7452,7496
5624,7497
9116,7498
2741,7499
3364,7500
5626,7501
7194,7502
8268,7503
9049,7504
5353,7505
9083,7506
6036,7507
2797,7508
9031,7509
4773,7510
7509,7511
5256,7512
6939,7513
8170,7514
8710,7515
7637,7516
7639,7517
4272,7518
4458,7519
4601,7520
8123,7521
5042,7522
5878,7523
1204,7524
6193,7525
4828,7526
9834,7527
9983,7528
6083,7529
1142,7530
2082,7531
5444,7532
8164,7533
8367,7534
9302,7535
4262,7536
5553,7537
1376,7538
9336,7539
4366,7540
4674,7541
4685,7542
8423,7543
8683,7544
4227,7545
2348,7546
3507,7547
4420,7548
3664,7549
1054,7550
1728,7551
4762,7552
1542,7553
4268,7554
8171,7555
9731,7556
6905,7557
2939,7558
8397,7559
6031,7560
5397,7561
9064,7562
3609,7563
8169,7564
6919,7565
2945,7566
8297,7567
6361,7568
8579,7569
1107,7570
6770,7571
4177,7572
7514,7573
7744,7574
7429,7575
9569,7576
2044,7577
2765,7578
2124,7579
5441,7580
4236,7581
8466,7582
2619,7583
1952,7584
6207,7585
2234,7586
4960,7587
5427,7588
5203,7589
5135,7590
5069,7591
1226,7592
7557,7593
1676,7594
7804,7595
1666,7596
9145,7597
5278,7598
3236,7599
2141,7600
4099,7601
2519,7602
3294,7603
1002,7604
6571,7605
7654,7606
7034,7607
9387,7608
7843,7609
6777,7610
8782,7611
2857,7612
6585,7613
1664,7614
6901,7615
8121,7616
7623,7617
3311,7618
9766,7619
5118,7620
7513,7621
1341,7622
5189,7623
9134,7624
9753,7625
7023,7626
2962,7627
6323,7628
6565,7629
3484,7630
5304,7631
1355,7632
2185,7633
5969,7634
6917,7635
2551,7636
4670,7637
3832,7638
4217,7639
7145,7640
6415,7641
6644,7642
4851,7643
8339,7644
5579,7645
1372,7646
9936,7647
8550,7648
8535,7649
5996,7650
7885,7651
2145,7652
2539,7653
5549,7654
8467,7655
9037,7656
3080,7657
9927,7658
3751,7659
6829,7660
4374,7661
9958,7662
9790,7663
1638,7664
3000,7665
4718,7666
3996,7667
5307,7668
6276,7669
5694,7670
2241,7671
5486,7672
9829,7673
6605,7674
1939,7675
9112,7676
1862,7677
8198,7678
4165,7679
5216,7680
6261,7681
4741,7682
8162,7683
3672,7684
1967,7685
4990,7686
9542,7687
4999,7688
7410,7689
7082,7690
7320,7691
4467,7692
2498,7693
4892,7694
4130,7695
2694,7696
9526,7697
3925,7698
3971,7699
4084,7700
7102,7701
5620,7702
9750,7703
1779,7704
8932,7705
2354,7706
5948,7707
4572,7708
4061,7709
8451,7710
5897,7711
5589,7712
7542,7713
7398,7714
3966,7715
7210,7716
9160,7717
5200,7718
8505,7719
3137,7720
5515,7721
7676,7722
3600,7723
6893,7724
6423,7725
1684,7726
4265,7727
2103,7728
1538,7729
6187,7730
6944,7731
5597,7732
2262,7733
1523,7734
7279,7735
8979,7736
7129,7737
5976,7738
1574,7739
7107,7740
9595,7741
1076,7742
6438,7743
5915,7744
7321,7745
1494,7746
8519,7747
8319,7748
4132,7749
7668,7750
9140,7751
3227,7752
8502,7753
3794,7754
1950,7755
3365,7756
5743,7757
3758,7758
4157,7759
8065,7760
6892,7761
1254,7762
9714,7763
7033,7764
2874,7765
1657,7766
9645,7767
4947,7768
8371,7769
7252,7770
5321,7771
6203,7772
1905,7773
7310,7774
9184,7775
7908,7776
3117,7777
7522,7778
3417,7779
1136,7780
5525,7781
8237,7782
5951,7783
5018,7784
1810,7785
1427,7786
2638,7787
9788,7788
4060,7789
8253,7790
9658,7791
7728,7792
2964,7793
7439,7794
8051,7795
7566,7796
9279,7797
7209,7798
1918,7799
4085,7800
9230,7801
8515,7802
9006,7803
4266,7804
9596,7805
3836,7806
8718,7807
5375,7808
9317,7809
7141,7810
2431,7811
4027,7812
8997,7813
1963,7814
9521,7815
1671,7816
5266,7817
1331,7818
2755,7819
3150,7820
4903,7821
1432,7822
9853,7823
6881,7824
8562,7825
4143,7826
3947,7827
2856,7828
7962,7829
7521,7830
1904,7831
1619,7832
4704,7833
8276,7834
5946,7835
8716,7836
8883,7837
5122,7838
1044,7839
1292,7840
3753,7841
6716,7842
7173,7843
7214,7844
6092,7845
6547,7846
9096,7847
8629,7848
8967,7849
7079,7850
4474,7851
2413,7852
8987,7853
2683,7854
6557,7855
3530,7856
8613,7857
2669,7858
2021,7859
7121,7860
5950,7861
2501,7862
7357,7863
8293,7864
9030,7865
6967,7866
4418,7867
4853,7868
7448,7869
9094,7870
5306,7871
4314,7872
5862,7873
9381,7874
8551,7875
2695,7876
9767,7877
1969,7878
9042,7879
5389,7880
7464,7881
1708,7882
6714,7883
1473,7884
7945,7885
4611,7886
2512,7887
7355,7888
7530,7889
6979,7890
7717,7891
3037,7892
8412,7893
6298,7894
7270,7895
6952,7896
4032,7897
7539,7898
6987,7899
7841,7900
4900,7901
1463,7902
2819,7903
4219,7904
7229,7905
3548,7906
7694,7907
5011,7908
3792,7909
1601,7910
1834,7911
4424,7912
6938,7913
4845,7914
6674,7915
9628,7916
1138,7917
3226,7918
8754,7919
2966,7920
7961,7921
3533,7922
1362,7923
8414,7924
4630,7925
9793,7926
2149,7927
5604,7928
5467,7929
8669,7930
4319,7931
8586,7932
6510,7933
9718,7934
8612,7935
4909,7936
7772,7937
8201,7938
8592,7939
6063,7940
6316,7941
1366,7942
6999,7943
6649,7944
1235,7945
4981,7946
7824,7947
3041,7948
6602,7949
2178,7950
9762,7951
7322,7952
5869,7953
9787,7954
3174,7955
4251,7956
1030,7957
2842,7958
2216,7959
4250,7960
9206,7961
3148,7962
2024,7963
9220,7964
5065,7965
2506,7966
9346,7967
3665,7968
8427,7969
3361,7970
4515,7971
6167,7972
1868,7973
8134,7974
8634,7975
2615,7976
3629,7977
7037,7978
4116,7979
9932,7980
4292,7981
9972,7982
7038,7983
5648,7984
1194,7985
6700,7986
3962,7987
7889,7988
7021,7989
4797,7990
2484,7991
8578,7992
4878,7993
2255,7994
5009,7995
6827,7996
7346,7997
4821,7998
8674,7999
6711,8000
7167,8001
9075,8002
3320,8003
7473,8004
5458,8005
6593,8006
1985,8007
5904,8008
8317,8009
8135,8010
4986,8011
5061,8012
5134,8013
3207,8014
3876,8015
5192,8016
9997,8017
3281,8018
2916,8019
3875,8020
7117,8021
1339,8022
8817,8023
4065,8024
1365,8025
2359,8026
9349,8027
7349,8028
5066,8029
5053,8030
1170,8031
4701,8032
8456,8033
7655,8034
9918,8035
6713,8036
5517,8037
2424,8038
5827,8039
2900,8040
2342,8041
6929,8042
3297,8043
7631,8044
1393,8045
3040,8046
6306,8047
3193,8048
8324,8049
4926,8050
6455,8051
9022,8052
9501,8053
9866,8054
8495,8055
2202,8056
9010,8057
8789,8058
9284,8059
7770,8060
3155,8061
8892,8062
2666,8063
8096,8064
1479,8065
7653,8066
3906,8067
2440,8068
5227,8069
6634,8070
1117,8071
1455,8072
2681,8073
4524,8074
4834,8075
4192,8076
2396,8077
7407,8078
5763,8079
4719,8080
2397,8081
5497,8082
3579,8083
2437,8084
2825,8085
2628,8086
6451,8087
6077,8088
6680,8089
8248,8090
1280,8091
1246,8092
8590,8093
5509,8094
5049,8095
7537,8096
5133,8097
3801,8098
3864,8099
6749,8100
9689,8101
3998,8102
7442,8103
2002,8104
4976,8105
2090,8106
6961,8107
7274,8108
8112,8109
5121,8110
2798,8111
7247,8112
4919,8113
1124,8114
2229,8115
2761,8116
4349,8117
1089,8118
1583,8119
6933,8120
6462,8121
8765,8122
4644,8123
4089,8124
2162,8125
3433,8126
8857,8127
3249,8128
4438,8129
8301,8130
4396,8131
3812,8132
6142,8133
8739,8134
6534,8135
9208,8136
9499,8137
1028,8138
7720,8139
5062,8140
9779,8141
6441,8142
1990,8143
6783,8144
7076,8145
2401,8146
9081,8147
2611,8148
8139,8149
2194,8150
6515,8151
8233,8152
8802,8153
5881,8154
3013,8155
4351,8156
3178,8157
8430,8158
7095,8159
8257,8160
9975,8161
5287,8162
1627,8163
6171,8164
7670,8165
2261,8166
8083,8167
8405,8168
4839,8169
4238,8170
9493,8171
1370,8172
1944,8173
7069,8174
8533,8175
8643,8176
1434,8177
2033,8178
7955,8179
1522,8180
2698,8181
5585,8182
1740,8183
6685,8184
2509,8185
4287,8186
8541,8187
2237,8188
8705,8189
9956,8190
1175,8191
1901,8192
2836,8193
7096,8194
6108,8195
5440,8196
7005,8197
8379,8198
3937,8199
7206,8200
9709,8201
5071,8202
7808,8203
4804,8204
4747,8205
9393,8206
5149,8207
4676,8208
2904,8209
9585,8210
9196,8211
3381,8212
2946,8213
1879,8214
1458,8215
1646,8216
6137,8217
9845,8218
9768,8219
5410,8220
2447,8221
7910,8222
2029,8223
4255,8224
5747,8225
1912,8226
8492,8227
2823,8228
2072,8229
6131,8230
2113,8231
2340,8232
8714,8233
5415,8234
9207,8235
6757,8236
9141,8237
2871,8238
9443,8239
5544,8240
3418,8241
1614,8242
2012,8243
7543,8244
3495,8245
5512,8246
5036,8247
4282,8248
5471,8249
9561,8250
2809,8251
2596,8252
5456,8253
8875,8254
6839,8255
8838,8256
4640,8257
5314,8258
5125,8259
9023,8260
7747,8261
3335,8262
3252,8263
4850,8264
7463,8265
7570,8266
2104,8267
9603,8268
7428,8269
1760,8270
6042,8271
1318,8272
3640,8273
8822,8274
8023,8275
8873,8276
4239,8277
3019,8278
6170,8279
7162,8280
2729,8281
6257,8282
3538,8283
2631,8284
7569,8285
5005,8286
8114,8287
3126,8288
5511,8289
9638,8290
2382,8291
1491,8292
5088,8293
9060,8294
2332,8295
6327,8296
3010,8297
2169,8298
6825,8299
2920,8300
8610,8301
5836,8302
4162,8303
7447,8304
1095,8305
6527,8306
3544,8307
7697,8308
5350,8309
1038,8310
6595,8311
9555,8312
1472,8313
3059,8314
2613,8315
6202,8316
9572,8317
8793,8318
7590,8319
5520,8320
7343,8321
6264,8322
4979,8323
3930,8324
7651,8325
3581,8326
6663,8327
2493,8328
1735,8329
3596,8330
1134,8331
6998,8332
3711,8333
3913,8334
5640,8335
3219,8336
8045,8337
1379,8338
8111,8339
4400,8340
2715,8341
6927,8342
6784,8343
9546,8344
9877,8345
3923,8346
3807,8347
9299,8348
1580,8349
3424,8350
9671,8351
8815,8352
7746,8353
8172,8354
5797,8355
8890,8356
8306,8357
4274,8358
4977,8359
4819,8360
3493,8361
6195,8362
4152,8363
1156,8364
6564,8365
5384,8366
7740,8367
9751,8368
8105,8369
7296,8370
4315,8371
1415,8372
1363,8373
5873,8374
7737,8375
3018,8376
1205,8377
9209,8378
2557,8379
1875,8380
1686,8381
5973,8382
8330,8383
8903,8384
8556,8385
4734,8386
2408,8387
8387,8388
3964,8389
6245,8390
3196,8391
1575,8392
9723,8393
1150,8394
2621,8395
5541,8396
8066,8397
6731,8398
9190,8399
5900,8400
3603,8401
3340,8402
9045,8403
6458,8404
2990,8405
8647,8406
6610,8407
6436,8408
6096,8409
4263,8410
2252,8411
5211,8412
1860,8413
5843,8414
6584,8415
9592,8416
6691,8417
5414,8418
5355,8419
2317,8420
1951,8421
3290,8422
6140,8423
7750,8424
4346,8425
9345,8426
3615,8427
5207,8428
6622,8429
1157,8430
8657,8431
9724,8432
4154,8433
1368,8434
3222,8435
9497,8436
1785,8437
6726,8438
5037,8439
7003,8440
7282,8441
2607,8442
9027,8443
6981,8444
7840,8445
9522,8446
4398,8447
2796,8448
8889,8449
9914,8450
2353,8451
4895,8452
1966,8453
5654,8454
3325,8455
1922,8456
9892,8457
1532,8458
4636,8459
4849,8460
7046,8461
1957,8462
6937,8463
6194,8464
7702,8465
8136,8466
2087,8467
3941,8468
5920,8469
7351,8470
3313,8471
8821,8472
8155,8473
2745,8474
7535,8475
7315,8476
2297,8477
4352,8478
2959,8479
4456,8480
7193,8481
2209,8482
8239,8483
9050,8484
6820,8485
1075,8486
5438,8487
9476,8488
4380,8489
5139,8490
7868,8491
9203,8492
2800,8493
6456,8494
8783,8495
3066,8496
1367,8497
2555,8498
5105,8499
7675,8500
4083,8501
4988,8502
6669,8503
9940,8504
1548,8505
1263,8506
8343,8507
6498,8508
4511,8509
7284,8510
4537,8511
7870,8512
5326,8513
8089,8514
4750,8515
1569,8516
5970,8517
7093,8518
4012,8519
1959,8520
1185,8521
4884,8522
1090,8523
3443,8524
4942,8525
8701,8526
4757,8527
3257,8528
7730,8529
8631,8530
4006,8531
3932,8532
8205,8533
8998,8534
8426,8535
5572,8536
7367,8537
7306,8538
7467,8539
1322,8540
2981,8541
4562,8542
7153,8543
6047,8544
1874,8545
1578,8546
6198,8547
4679,8548
4040,8549
6102,8550
5532,8551
8187,8552
8269,8553
8960,8554
5557,8555
2138,8556
8448,8557
6222,8558
6160,8559
3848,8560
7561,8561
3329,8562
1096,8563
3492,8564
9325,8565
9106,8566
8033,8567
7954,8568
3494,8569
7053,8570
1674,8571
4983,8572
7541,8573
9897,8574
2153,8575
6683,8576
6706,8577
3695,8578
7614,8579
8758,8580
4174,8581
2646,8582
2270,8583
8529,8584
1424,8585
2774,8586
4963,8587
5558,8588
6654,8589
9540,8590
4234,8591
5759,8592
4528,8593
4004,8594
8143,8595
6418,8596
2863,8597
9210,8598
4280,8599
3373,8600
8048,8601
9328,8602
6030,8603
8128,8604
4433,8605
2156,8606
6921,8607
7221,8608
4587,8609
4471,8610
9868,8611
6594,8612
3578,8613
2633,8614
2416,8615
8732,8616
5141,8617
7952,8618
2778,8619
3868,8620
8670,8621
3100,8622
7989,8623
4202,8624
3248,8625
9673,8626
6312,8627
8432,8628
5722,8629
4702,8630
1065,8631
9728,8632
9003,8633
2268,8634
9693,8635
9073,8636
7775,8637
1084,8638
7926,8639
4329,8640
6866,8641
3760,8642
8511,8643
3460,8644
8836,8645
3078,8646
4469,8647
2300,8648
5495,8649
9067,8650
6215,8651
4549,8652
6301,8653
5895,8654
1878,8655
3892,8656
3896,8657
8994,8658
2285,8659
9482,8660
3882,8661
2375,8662
4967,8663
7007,8664
3850,8665
9315,8666
7345,8667
3985,8668
5045,8669
3592,8670
1919,8671
2674,8672
7496,8673
1115,8674
5577,8675
5029,8676
5148,8677
4303,8678
7940,8679
6546,8680
6419,8681
1019,8682
3016,8683
1855,8684
8671,8685
3763,8686
7332,8687
5180,8688
4543,8689
7705,8690
6836,8691
2041,8692
2597,8693
1443,8694
6433,8695
5398,8696
7704,8697
2610,8698
7278,8699
5978,8700
5175,8701
9619,8702
2713,8703
1111,8704
7041,8705
1163,8706
3298,8707
1554,8708
3767,8709
6395,8710
4121,8711
4244,8712
4683,8713
6330,8714
8760,8715
9390,8716
8942,8717
8342,8718
7125,8719
1135,8720
5417,8721
6851,8722
4759,8723
7288,8724
4782,8725
1039,8726
5432,8727
2328,8728
1793,8729
2649,8730
1324,8731
6400,8732
5229,8733
1447,8734
5289,8735
7863,8736
2978,8737
5689,8738
6513,8739
1247,8740
2810,8741
4073,8742
6977,8743
5208,8744
8459,8745
8563,8746
7337,8747
5910,8748
6370,8749
4775,8750
3901,8751
5178,8752
7244,8753
8016,8754
3978,8755
4049,8756
5074,8757
5823,8758
6278,8759
7200,8760
7946,8761
9223,8762
8359,8763
4286,8764
5505,8765
4137,8766
4283,8767
2308,8768
3623,8769
2522,8770
7134,8771
5880,8772
7664,8773
9240,8774
6147,8775
6633,8776
9909,8777
8410,8778
3766,8779
2236,8780
9998,8781
9079,8782
6994,8783
9161,8784
6648,8785
5309,8786
4333,8787
4470,8788
4540,8789
2564,8790
3525,8791
7987,8792
9757,8793
7257,8794
5775,8795
2068,8796
7350,8797
7669,8798
2614,8799
1653,8800
1419,8801
9559,8802
1659,8803
3653,8804
1108,8805
2524,8806
8725,8807
4417,8808
3339,8809
9967,8810
4686,8811
8712,8812
7148,8813
6399,8814
6391,8815
2837,8816
1464,8817
7638,8818
6647,8819
7922,8820
6882,8821
9959,8822
9069,8823
7983,8824
1377,8825
8759,8826
6730,8827
6934,8828
4134,8829
6803,8830
8149,8831
3833,8832
1077,8833
2499,8834
9165,8835
3759,8836
3849,8837
8386,8838
5793,8839
8585,8840
3777,8841
1639,8842
4235,8843
9666,8844
4628,8845
8548,8846
5606,8847
8775,8848
5918,8849
9789,8850
4617,8851
6774,8852
6986,8853
3610,8854
2093,8855
5840,8856
5502,8857
7601,8858
4479,8859
2122,8860
1050,8861
5152,8862
7691,8863
6440,8864
7600,8865
8333,8866
6855,8867
6002,8868
6241,8869
4029,8870
9895,8871
9310,8872
6437,8873
6219,8874
7966,8875
5642,8876
3177,8877
5539,8878
9188,8879
3705,8880
4453,8881
8117,8882
7205,8883
5815,8884
2770,8885
3385,8886
7930,8887
4696,8888
2067,8889
7533,8890
9445,8891
3614,8892
1017,8893
1410,8894
7360,8895
1312,8896
8767,8897
3808,8898
9626,8899
8788,8900
4320,8901
5653,8902
5435,8903
6758,8904
8557,8905
9281,8906
8442,8907
7703,8908
1938,8909
4300,8910
6267,8911
4499,8912
2481,8913
3619,8914
2700,8915
3292,8916
7988,8917
8104,8918
6690,8919
1307,8920
6572,8921
3909,8922
3899,8923
6398,8924
1566,8925
9579,8926
9971,8927
6551,8928
7348,8929
3152,8930
4770,8931
4128,8932
7072,8933
2709,8934
4119,8935
4478,8936
5593,8937
3067,8938
2208,8939
3213,8940
2170,8941
1198,8942
5667,8943
2905,8944
9784,8945
8498,8946
8218,8947
4861,8948
4493,8949
2063,8950
1689,8951
2043,8952
7958,8953
5407,8954
6653,8955
2950,8956
6728,8957
8272,8958
1329,8959
2503,8960
4689,8961
9523,8962
3576,8963
8724,8964
7677,8965
4416,8966
1829,8967
5496,8968
4684,8969
4129,8970
8880,8971
1545,8972
4583,8973
8014,8974
9601,8975
2494,8976
7783,8977
8115,8978
6793,8979
5267,8980
9422,8981
4654,8982
2302,8983
9889,8984
6286,8985
8242,8986
1733,8987
5968,8988
5308,8989
5611,8990
2563,8991
9199,8992
8176,8993
9014,8994
9378,8995
2953,8996
1808,8997
6223,8998
8067,8999
9515,9000
